#ILS Project - ARM
# 08/06/2024
#
#%modelname
#Red, Green, Blue, Alpha, OffsetX, OffsetY, OffsetZ, CustomSize, BlinkType, NoDistance, DrawSearchlight
#0.45 - custom size reserved for traffic lights


#AIRPORT INSTRUMENT LIGHTING SYSTEM (ILS)
%ARM_ILSCenterLine
252 252 252 200 0.00000000 0.00000000 0.10000000 0.40 00 0 0
%ARM_ILSEdgeLight
247 250 029 200 0.00000000 0.00000000 0.10000000 0.40 00 0 0
%ARM_ILSEndLight
250 029 029 200 0.00000000 0.00000000 0.10000000 0.40 00 0 0
%ARM_ILSTaxiLight
029 029 250 200 0.00000000 0.00000000 0.10000000 0.40 00 0 0
%ARM_ILSThrldLight
029 250 029 200 0.00000000 0.00000000 0.10000000 0.30 00 0 0
%ARM_TaxiLightEdge
029 029 250 200 0.00000000 0.00000000 0.20000000 0.50 00 0 0
#
%lodradarmast3
255 050 050 255 0.00000000 0.00000000 50.0000000 1.00 00 1 0
255 050 050 255 0.00000000 0.00000000 25.0000000 1.00 00 1 0
%cuntwplant12
255 050 050 255 1.00000000 1.00000000 52.0000000 1.00 00 1 0
%cuntwplant10
255 050 050 255 0.00000000 2.00000000 52.0000000 1.00 00 1 0
%cutnwplant10
255 050 050 255 -1.0000000 1.00000000 52.0000000 1.00 00 1 0
%cutnwplant09
255 050 050 255 1.0000000 -1.00000000 52.0000000 1.00 00 1 0
%derrick01
220 050 050 255 0.00000000 4.76000000 31.4000000 1.00 02 1 0
%ferseat01_lax
100 160 200 200 0.00000000 0.00000000 0.00000000 0.50 00 0 0
%vgssairportland06
255 255 255 255 0.00000000 37.0000000 0.00000000 0.44 00 1 0
255 255 255 255 0.00000000 22.5000000 0.00000000 0.44 00 1 0
255 255 255 255 0.00000000 5.50000000 0.00000000 0.44 00 1 0
255 255 255 255 4.60000000 54.0000000 0.00000000 0.44 00 1 0
255 255 255 255 7.80000000 54.0000000 0.00000000 0.44 00 1 0
255 255 255 255 10.9000000 54.0000000 0.00000000 0.44 00 1 0
255 255 255 255 -4.6000000 54.0000000 0.00000000 0.44 00 1 0
255 255 255 255 -7.8000000 54.0000000 0.00000000 0.44 00 1 0
255 255 255 255 -10.900000 54.0000000 0.00000000 0.44 00 1 0
255 255 255 255 0.00000000 -27.500000 0.00000000 0.44 00 1 0
255 255 255 255 0.00000000 -48.000000 0.00000000 0.44 00 1 0
255 255 255 255 0.00000000 -68.500000 0.00000000 0.44 00 1 0
%vgssairportland07
255 000 000 255 0.00000000 -33.600000 0.00000000 0.50 00 1 0
000 255 000 255 0.00000000 -36.600000 0.00000000 0.50 00 1 0
255 255 000 255 0.00000000 -50.000000 0.00000000 0.50 00 1 0
255 000 000 255 -14.800000 -33.600000 0.00000000 0.50 00 1 0
000 255 000 255 -14.800000 -36.600000 0.00000000 0.50 00 1 0
255 255 000 255 -14.800000 -50.000000 0.00000000 0.50 00 1 0
255 000 000 255 14.8000000 -33.600000 0.00000000 0.50 00 1 0
000 255 000 255 14.8000000 -36.600000 0.00000000 0.50 00 1 0
255 255 000 255 14.8000000 -50.000000 0.00000000 0.50 00 1 0
255 255 000 255 0.00000000 -63.600000 0.00000000 0.50 00 1 0
255 255 000 255 0.00000000 -60.600000 0.00000000 0.50 00 1 0
255 255 000 255 -14.800000 -63.600000 0.00000000 0.50 00 1 0
255 255 000 255 -14.800000 -60.600000 0.00000000 0.50 00 1 0
255 255 000 255 14.8000000 -63.600000 0.00000000 0.50 00 1 0
255 255 000 255 14.8000000 -60.600000 0.00000000 0.50 00 1 0
255 255 255 255 0.00000000 -0.3000000 0.00000000 0.44 00 1 0
255 255 255 255 0.00000000 11.0000000 0.00000000 0.44 00 1 0
255 255 255 255 0.00000000 21.0000000 0.00000000 0.44 00 1 0
255 255 255 255 0.00000000 45.0000000 0.00000000 0.44 00 1 0
255 255 255 255 0.00000000 62.5000000 0.00000000 0.44 00 1 0
255 255 255 255 0.00000000 80.3000000 0.00000000 0.44 00 1 0
%vgssairportland09
100 255 150 255 -24.100000 -48.000000 0.00000000 0.44 00 1 0
100 255 150 255 -24.100000 -32.000000 0.00000000 0.44 00 1 0
100 255 150 255 -24.100000 -16.000000 0.00000000 0.44 00 1 0
100 255 150 255 -23.100000 -6.0000000 0.00000000 0.44 00 1 0
100 255 150 255 -19.700000 3.00000000 0.00000000 0.44 00 1 0
100 255 150 255 -14.500000 11.4000000 0.00000000 0.44 00 1 0
100 255 150 255 -8.0000000 18.1000000 0.00000000 0.44 00 1 0
100 255 150 255 10.5000000 27.0000000 0.00000000 0.44 00 1 0
100 255 150 255 20.0000000 28.2000000 0.00000000 0.44 00 1 0
100 255 150 255 30.0000000 27.0000000 0.00000000 0.44 00 1 0
%vgssairportland10
100 255 150 255 -24.300000 -1.0000000 0.00000000 0.44 00 1 0
100 255 150 255 -22.900000 -11.000000 0.00000000 0.44 00 1 0
100 255 150 255 -19.400000 -20.500000 0.00000000 0.44 00 1 0
100 255 150 255 -14.300000 -28.200000 0.00000000 0.44 00 1 0
100 255 150 255 -8.1000000 -34.600000 0.00000000 0.44 00 1 0
100 255 150 255 10.1000000 -43.600000 0.00000000 0.44 00 1 0
100 255 150 255 20.1000000 -44.600000 0.00000000 0.44 00 1 0
100 255 150 255 30.1000000 -43.600000 0.00000000 0.44 00 1 0
%vgssairportland14
255 255 255 255 0.00000000 65.0000000 0.00000000 0.44 00 1 0
255 255 255 255 0.00000000 42.0000000 0.00000000 0.44 00 1 0
255 255 255 255 0.00000000 17.0000000 0.00000000 0.44 00 1 0
255 255 255 255 4.60000000 87.0000000 0.00000000 0.44 00 1 0
255 255 255 255 7.80000000 87.0000000 0.00000000 0.44 00 1 0
255 255 255 255 10.9000000 87.0000000 0.00000000 0.44 00 1 0
255 255 255 255 -4.6000000 87.0000000 0.00000000 0.44 00 1 0
255 255 255 255 -7.8000000 87.0000000 0.00000000 0.44 00 1 0
255 255 255 255 -10.900000 87.0000000 0.00000000 0.44 00 1 0
255 255 255 255 0.00000000 -13.700000 0.00000000 0.44 00 1 0
255 255 255 255 0.00000000 -35.300000 0.00000000 0.44 00 1 0
255 255 255 255 0.00000000 -58.100000 0.00000000 0.44 00 1 0
%vgssairportland15
255 255 000 255 0.00000000 11.6000000 0.00000000 0.50 00 1 0
255 255 000 255 0.00000000 8.60000000 0.00000000 0.50 00 1 0
255 255 000 255 0.00000000 -4.5000000 0.00000000 0.50 00 1 0
255 255 000 255 -14.800000 11.6000000 0.00000000 0.50 00 1 0
255 255 000 255 -14.800000 8.60000000 0.00000000 0.50 00 1 0
255 255 000 255 -14.800000 -4.5000000 0.00000000 0.50 00 1 0
255 255 000 255 14.8000000 11.6000000 0.00000000 0.50 00 1 0
255 255 000 255 14.8000000 8.60000000 0.00000000 0.50 00 1 0
255 255 000 255 14.8000000 -4.5000000 0.00000000 0.50 00 1 0
255 000 000 255 0.00000000 -19.600000 0.00000000 0.50 00 1 0
000 255 000 255 0.00000000 -16.600000 0.00000000 0.50 00 1 0
255 000 000 255 -14.800000 -19.600000 0.00000000 0.50 00 1 0
000 255 000 255 -14.800000 -16.600000 0.00000000 0.50 00 1 0
255 000 000 255 14.8000000 -19.600000 0.00000000 0.50 00 1 0
000 255 000 255 14.8000000 -16.600000 0.00000000 0.50 00 1 0
255 255 255 255 0.00000000 -53.000000 0.00000000 0.44 00 1 0
255 255 255 255 0.00000000 -73.000000 0.00000000 0.44 00 1 0
255 255 255 255 0.00000000 -93.000000 0.00000000 0.44 00 1 0
255 255 000 255 0.00000000 14.6000000 0.00000000 0.44 00 1 0
255 255 000 255 0.00000000 20.6000000 0.00000000 0.44 00 1 0
255 255 000 255 0.00000000 26.6000000 0.00000000 0.44 00 1 0
255 255 000 255 0.00000000 32.6000000 0.00000000 0.44 00 1 0
255 255 000 255 0.00000000 38.6000000 0.00000000 0.44 00 1 0
255 255 000 255 0.00000000 44.6000000 0.00000000 0.44 00 1 0
255 255 000 255 0.00000000 50.6000000 0.00000000 0.44 00 1 0
255 255 000 255 0.00000000 56.6000000 0.00000000 0.44 00 1 0
255 255 000 255 0.00000000 62.6000000 0.00000000 0.44 00 1 0
255 255 000 255 0.00000000 68.6000000 0.00000000 0.44 00 1 0
255 255 000 255 0.00000000 74.6000000 0.00000000 0.44 00 1 0
255 255 000 255 0.00000000 80.6000000 0.00000000 0.44 00 1 0
255 255 000 255 0.00000000 86.6000000 0.00000000 0.44 00 1 0
255 255 000 255 0.00000000 92.6000000 0.00000000 0.44 00 1 0
255 255 000 255 5.00000000 14.6000000 0.00000000 0.44 00 1 0
255 255 000 255 5.00000000 20.6000000 0.00000000 0.44 00 1 0
255 255 000 255 5.00000000 26.6000000 0.00000000 0.44 00 1 0
255 255 000 255 5.00000000 32.6000000 0.00000000 0.44 00 1 0
255 255 000 255 5.00000000 38.6000000 0.00000000 0.44 00 1 0
255 255 000 255 8.00000000 38.6000000 0.00000000 0.44 00 1 0
255 255 000 255 11.0000000 38.6000000 0.00000000 0.44 00 1 0
255 255 000 255 14.0000000 38.6000000 0.00000000 0.44 00 1 0
255 255 000 255 5.00000000 44.6000000 0.00000000 0.44 00 1 0
255 255 000 255 5.00000000 50.6000000 0.00000000 0.44 00 1 0
255 255 000 255 5.00000000 56.6000000 0.00000000 0.44 00 1 0
255 255 000 255 5.00000000 62.6000000 0.00000000 0.44 00 1 0
255 255 000 255 5.00000000 68.6000000 0.00000000 0.44 00 1 0
255 255 000 255 5.00000000 74.6000000 0.00000000 0.44 00 1 0
255 255 000 255 5.00000000 80.6000000 0.00000000 0.44 00 1 0
255 255 000 255 5.00000000 86.6000000 0.00000000 0.44 00 1 0
255 255 000 255 5.00000000 92.6000000 0.00000000 0.44 00 1 0
255 000 000 255 8.00000000 44.6000000 0.00000000 0.44 00 1 0
255 000 000 255 8.00000000 50.6000000 0.00000000 0.44 00 1 0
255 000 000 255 8.00000000 56.6000000 0.00000000 0.44 00 1 0
255 000 000 255 8.00000000 62.6000000 0.00000000 0.44 00 1 0
255 000 000 255 8.00000000 68.6000000 0.00000000 0.44 00 1 0
255 000 000 255 8.00000000 74.6000000 0.00000000 0.44 00 1 0
255 000 000 255 8.00000000 80.6000000 0.00000000 0.44 00 1 0
255 000 000 255 8.00000000 86.6000000 0.00000000 0.44 00 1 0
255 255 000 255 8.00000000 92.6000000 0.00000000 0.44 00 1 0
255 255 000 255 11.0000000 92.6000000 0.00000000 0.44 00 1 0
255 255 000 255 14.0000000 92.6000000 0.00000000 0.44 00 1 0
255 255 000 255 -5.0000000 14.6000000 0.00000000 0.44 00 1 0
255 255 000 255 -5.0000000 20.6000000 0.00000000 0.44 00 1 0
255 255 000 255 -5.0000000 26.6000000 0.00000000 0.44 00 1 0
255 255 000 255 -5.0000000 32.6000000 0.00000000 0.44 00 1 0
255 255 000 255 -5.0000000 38.6000000 0.00000000 0.44 00 1 0
255 255 000 255 -8.0000000 38.6000000 0.00000000 0.44 00 1 0
255 255 000 255 -11.000000 38.6000000 0.00000000 0.44 00 1 0
255 255 000 255 -14.000000 38.6000000 0.00000000 0.44 00 1 0
255 255 000 255 -5.0000000 44.6000000 0.00000000 0.44 00 1 0
255 255 000 255 -5.0000000 50.6000000 0.00000000 0.44 00 1 0
255 255 000 255 -5.0000000 56.6000000 0.00000000 0.44 00 1 0
255 255 000 255 -5.0000000 62.6000000 0.00000000 0.44 00 1 0
255 255 000 255 -5.0000000 68.6000000 0.00000000 0.44 00 1 0
255 255 000 255 -5.0000000 74.6000000 0.00000000 0.44 00 1 0
255 255 000 255 -5.0000000 80.6000000 0.00000000 0.44 00 1 0
255 255 000 255 -5.0000000 86.6000000 0.00000000 0.44 00 1 0
255 255 000 255 -5.0000000 92.6000000 0.00000000 0.44 00 1 0
255 000 000 255 -8.0000000 44.6000000 0.00000000 0.44 00 1 0
255 000 000 255 -8.0000000 50.6000000 0.00000000 0.44 00 1 0
255 000 000 255 -8.0000000 56.6000000 0.00000000 0.44 00 1 0
255 000 000 255 -8.0000000 62.6000000 0.00000000 0.44 00 1 0
255 000 000 255 -8.0000000 68.6000000 0.00000000 0.44 00 1 0
255 000 000 255 -8.0000000 74.6000000 0.00000000 0.44 00 1 0
255 000 000 255 -8.0000000 80.6000000 0.00000000 0.44 00 1 0
255 000 000 255 -8.0000000 86.6000000 0.00000000 0.44 00 1 0
255 255 000 255 -8.0000000 92.6000000 0.00000000 0.44 00 1 0
255 255 000 255 -11.000000 92.6000000 0.00000000 0.44 00 1 0
255 255 000 255 -14.000000 92.6000000 0.00000000 0.44 00 1 0
%vgssairportland17
100 255 150 255 0.00000000 34.5000000 0.00000000 0.44 00 1 0
100 255 150 255 0.00000000 10.0000000 0.00000000 0.44 00 1 0
100 255 150 255 0.00000000 -12.000000 0.00000000 0.44 00 1 0
255 255 255 255 4.60000000 57.5000000 0.00000000 0.44 00 1 0
255 255 255 255 7.80000000 57.5000000 0.00000000 0.44 00 1 0
255 255 255 255 10.9000000 57.5000000 0.00000000 0.44 00 1 0
255 255 255 255 -4.6000000 57.5000000 0.00000000 0.44 00 1 0
255 255 255 255 -7.8000000 57.5000000 0.00000000 0.44 00 1 0
255 255 255 255 -10.900000 57.5000000 0.00000000 0.44 00 1 0
100 255 150 255 0.00000000 -43.000000 0.00000000 0.44 00 1 0
100 255 150 255 0.00000000 -65.000000 0.00000000 0.44 00 1 0
100 255 150 255 0.00000000 -87.700000 0.00000000 0.44 00 1 0
100 255 150 255 43.5000000 23.0000000 0.00000000 0.44 00 1 0
%vgssairportland18
100 255 150 255 0.00000000 37.0000000 0.00000000 0.44 00 1 0
100 255 150 255 0.00000000 22.5000000 0.00000000 0.44 00 1 0
100 255 150 255 0.00000000 5.50000000 0.00000000 0.44 00 1 0
255 255 255 255 4.60000000 54.0000000 0.00000000 0.44 00 1 0
255 255 255 255 7.80000000 54.0000000 0.00000000 0.44 00 1 0
255 255 255 255 10.9000000 54.0000000 0.00000000 0.44 00 1 0
255 255 255 255 -4.6000000 54.0000000 0.00000000 0.44 00 1 0
255 255 255 255 -7.8000000 54.0000000 0.00000000 0.44 00 1 0
255 255 255 255 -10.900000 54.0000000 0.00000000 0.44 00 1 0
100 255 150 255 0.00000000 -27.500000 0.00000000 0.44 00 1 0
100 255 150 255 0.00000000 -48.000000 0.00000000 0.44 00 1 0
100 255 150 255 0.00000000 -68.500000 0.00000000 0.44 00 1 0
%lacityhall2_lan
255 000 000 255 1.70000000 0.00000000 100.000000 1.00 00 1 0
255 255 255 255 12.2000000 -10.000000 90.0000000 0.50 00 1 0
255 255 255 255 -8.7000000 -10.000000 90.0000000 0.50 00 1 0
255 255 255 255 -8.7000000 10.0000000 90.0000000 0.50 00 1 0
255 255 255 255 12.2000000 10.0000000 90.0000000 0.50 00 1 0
255 255 255 255 17.6000000 -15.400000 57.0000000 0.50 00 1 0
255 255 255 255 17.6000000 15.6000000 57.0000000 0.50 00 1 0
255 255 255 255 -14.800000 15.6000000 57.0000000 0.50 00 1 0
255 255 255 255 -14.800000 -15.400000 57.0000000 0.50 00 1 0
%ferris01_law2
#255 255 255 255 0.00000000 -2.3000000 14.3000000 0.75 00 1 0
#255 255 255 255 0.00000000 2.30000000 14.3000000 0.75 00 1 0
#255 255 255 255 10.0000000 -2.3000000 0.00000000 0.75 00 1 0
%transmitter_sfs
255 000 000 255 -9.2980000 -11.402000 -68.624001 0.70 00 1 0
255 000 000 255 10.5050000 -0.0400000 -68.624001 0.70 00 1 0
255 000 000 255 -9.2120000 11.2440000 -68.624001 0.70 00 1 0
255 000 000 255 -7.9260000 9.12600000 -33.070000 0.70 00 1 0
255 000 000 255 7.93200000 -0.0020000 -33.070000 0.70 00 1 0
255 000 000 255 -7.9740000 -9.2030000 -33.070000 0.70 00 1 0
255 000 000 255 -6.8400000 7.28500000 0.82600000 0.70 00 1 0
255 000 000 255 -6.8120000 -7.4080000 0.82600000 0.70 00 1 0
255 000 000 255 5.76800000 -0.0970000 0.82600000 0.70 00 1 0
255 000 000 255 7.37700000 0.06100000 24.6870000 0.70 00 1 0
255 000 000 255 -7.5860000 -8.5990000 24.6870000 0.70 00 1 0
255 000 000 255 -7.9060000 8.64800000 24.6870000 0.70 00 1 0
255 000 000 255 -7.8930000 15.8600000 51.5480000 0.70 00 1 0
255 000 000 255 -13.689000 12.5180000 51.5480000 0.70 00 1 0
255 000 000 255 13.9000000 3.25600000 51.7970010 0.70 00 1 0
255 000 000 255 13.6740000 -3.2850000 51.7970010 0.70 00 1 0
255 000 000 255 -7.9330000 -15.856000 51.6160010 0.70 00 1 0
255 000 000 255 -13.234000 -12.272000 51.5480000 0.70 00 1 0
255 000 000 255 -8.1140000 -9.2560000 89.3089980 0.70 00 1 0
255 000 000 255 8.03700000 -0.0150000 89.3089980 0.70 00 1 0
%sanpedlithus_law2
255 255 255 255 0.00000000 -1.8000000 22.5000000 1.00 00 1 0
%a51_halbox_
199 018 000 255 -0.2064060 -0.1088960 0.04260800 0.20 00 0 0
%a51_labtable1_
195 255 253 255 0.24848901 0.10106300 2.06036091 0.30 00 0 0
208 254 255 255 -0.2852170 0.10106300 2.06036091 0.30 00 0 0
188 248 255 255 -0.8112180 0.10106300 2.06036091 0.30 00 0 0
%a51_light1_
000 255 186 255 0.00553900 0.00830700 0.10304400 0.30 00 0 0
%ab_acc_control
255 031 020 255 0.04260300 2.01007104 0.45109400 0.50 00 0 0
%app_light_sfs05e
254 255 164 255 7.39111280 29.3049622 3.18993807 1.00 00 0 0
254 255 164 255 3.96850610 1.86319005 3.18993807 1.00 00 0 0
254 255 164 255 9.50097656 27.1946716 3.18993807 1.00 00 0 0
254 255 164 255 1.85864305 3.97347999 3.18993807 1.00 00 0 0
254 255 164 255 17.2906494 19.4054565 3.18993807 1.00 00 0 0
254 255 164 255 19.4005127 17.2951660 3.18993807 1.00 00 0 0
254 255 164 255 29.2999878 7.39565992 3.18993807 1.00 00 0 0
254 255 164 255 27.1901245 9.50595093 3.18993807 1.00 00 0 0
254 255 164 255 -11.400269 -13.505615 3.18993807 1.00 00 0 0
254 255 164 255 -28.902710 -26.787903 3.18993807 1.00 00 0 0
254 255 164 255 -13.510132 -11.395325 3.18993807 1.00 00 0 0
254 255 164 255 -26.792847 -28.898193 3.18993807 1.00 00 0 0
%airport_11_sfse
%airport_14_sfse
%airprtgnd_06_sfse
%airprtwlkto1_las
160 218 220 255 -115.52344 -17.453613 4.12817383 1.00 02 0 0
160 218 220 255 -34.319580 -17.453613 4.12817383 1.00 02 0 0
160 218 220 255 45.1641846 -17.453613 4.12817383 1.00 02 0 0
160 218 220 255 127.011108 -17.453613 4.12817383 1.00 02 0 0
%airuntest_las
255 255 255 255 0.01464800 0.00158700 0.24846600 0.50 02 0 0
%androm
018 253 000 255 22.0089951 -7.3234119 2.03887701 0.30 00 0 0
255 000 000 255 -21.992262 -7.2924328 2.04298806 0.30 00 0 0
255 255 255 255 0.00000000 -21.344395 9.01437473 0.30 00 0 0
%at400
000 238 011 255 30.5609798 -5.9342918 4.35912704 0.30 00 0 0
245 000 000 255 -30.547009 -5.9342918 4.35912704 0.30 00 0 0
255 255 255 255 0.00000000 -25.441422 17.3507061 0.30 00 0 0
%baggage
255 255 255 255 0.48723900 -1.1064910 1.12903798 0.20 00 0 0
%barrelexpos
255 059 059 255 0.00310500 -0.2566300 0.18892500 0.30 00 0 0
%basejump_target
255 255 255 255 0.00809900 0.00362000 0.00000000 1.00 02 0 0
%bb_pickup
091 131 212 255 0.15578599 0.00088900 0.02147200 1.20 02 0 0
%beagle
000 255 012 255 10.0610991 0.60635501 0.36614501 0.30 00 0 0
255 000 000 255 -10.069416 0.64144802 0.36614799 0.30 00 0 0
255 255 255 255 0.00000000 -9.2127361 2.39474797 0.30 00 0 0
%bigsfnlite02
141 255 232 255 1.04907203 -26.218506 -0.0805360 0.70 00 0 0
141 255 232 255 -0.6950680 26.8452148 1.94085705 0.70 00 0 0
%bigsfnlite05
141 255 232 255 -6.9675288 -53.540771 -6.9774170 0.70 00 0 0
141 255 232 255 -0.9719240 0.02563500 2.53530908 0.70 00 0 0
141 255 232 255 7.23168898 53.4155273 9.54266357 0.70 00 0 0
%bigsfnlite08
141 255 232 255 1.75707996 -53.499268 -21.715256 0.70 00 0 0
141 255 232 255 1.75707996 0.02294900 5.15803480 0.70 00 0 0
141 255 232 255 -2.0390630 53.5588379 24.4927673 0.70 00 0 0
%bigsfnlite10
141 255 232 255 31.2648926 -57.847900 9.07751465 0.70 00 0 0
141 255 232 255 -23.505127 4.32397509 2.26162696 0.70 00 0 0
141 255 232 255 -31.175537 57.9562988 -6.6604309 0.70 00 0 0
%bigsfnlite12
141 255 232 255 56.6308594 0.17089801 -10.947449 0.70 00 0 0
141 255 232 255 -56.268311 0.26001000 12.9726410 0.70 00 0 0
%bigsfnlite14
141 255 232 255 -57.854004 4.40747118 16.7387085 0.70 00 0 0
141 255 232 255 57.9045410 -4.4714360 -14.435654 0.70 00 0 0
%bigsfnlite16
141 255 232 255 -57.847168 -3.4519041 3.65889001 0.70 00 0 0
141 255 232 255 58.0878906 2.70336890 -0.8789060 0.70 00 0 0
%bigwhiete_sfe
255 000 000 255 -36.914429 38.3817139 57.6656647 0.70 00 0 0
255 000 000 255 37.2838135 38.3677368 57.6656647 0.70 00 0 0
255 000 000 255 -40.465698 -37.220154 57.6656647 0.70 00 0 0
255 000 000 255 40.2617188 -37.166199 57.6656647 0.70 00 0 0
%billbd1
255 255 255 255 -1.9154210 1.90275598 2.49254394 0.30 00 0 0
255 255 255 255 -1.8319401 3.83628106 2.48856211 0.30 00 0 0
255 255 255 255 -1.9094540 -0.5782620 2.48856211 0.30 00 0 0
255 255 255 255 -1.9148560 -2.8484039 2.48856497 0.30 00 0 0
255 255 255 255 -1.8360749 -5.0108719 2.48856211 0.30 00 0 0
255 255 255 255 -1.8766170 -7.1567841 2.48856497 0.30 00 0 0
%billbd2
255 255 255 255 -5.3876801 -4.2750092 1.27380002 0.30 00 0 0
255 255 255 255 -4.0121312 5.58235216 1.24905002 0.30 00 0 0
255 255 255 255 -4.2906651 3.70541406 1.26148796 0.30 00 0 0
255 255 255 255 -4.5193481 1.61491394 1.23727000 0.30 00 0 0
255 255 255 255 -4.8574371 -0.4275510 1.26724398 0.30 00 0 0
255 255 255 255 -5.1236110 -2.5113831 1.26116002 0.30 00 0 0
255 255 255 255 5.16632080 -4.3536382 1.23068202 0.30 00 0 0
255 255 255 255 4.65191698 -2.4103999 1.23325706 0.30 00 0 0
255 255 255 255 4.75060987 -0.6465150 1.28010595 0.30 00 0 0
255 255 255 255 4.35267591 1.67434704 1.23067904 0.30 00 0 0
255 255 255 255 4.13690186 3.59703112 1.23068202 0.30 00 0 0
255 255 255 255 4.11508179 5.59194899 1.29039800 0.30 00 0 0
%billbd3
255 255 255 255 -1.8228149 6.98557997 2.14304900 0.30 00 0 0
255 255 255 255 -1.8789670 4.33654785 2.14620399 0.30 00 0 0
255 255 255 255 -1.8853760 1.56565905 2.14899302 0.30 00 0 0
255 255 255 255 -1.8788760 -1.3209530 2.14568496 0.30 00 0 0
255 255 255 255 -1.8984530 -4.1045070 2.15473008 0.30 00 0 0
255 255 255 255 -1.8815310 -6.7680588 2.14650202 0.30 00 0 0
%blacksky_sfse
255 000 000 255 26.4971924 2.37561011 148.982483 0.50 00 0 0
255 000 000 255 23.7248535 7.22515917 148.982483 0.50 00 0 0
%bollardlight
255 255 255 255 -0.0100400 -0.0472110 0.32547700 0.44 00 0 1
%bonaventura_lan
255 082 035 255 -14.250977 -6.1916499 46.7791595 0.70 02 0 0
255 082 035 255 -21.177124 -13.132690 46.7791595 0.70 02 0 0
255 082 035 255 -14.040161 -20.060913 46.7791595 0.70 02 0 0
255 082 035 255 -14.250977 23.2137451 46.7791595 0.70 02 0 0
255 082 035 255 -21.177124 16.2727051 46.7791595 0.70 02 0 0
255 082 035 255 -14.040161 9.34448242 46.7791595 0.70 02 0 0
255 082 035 255 13.8817139 9.34020996 46.7791595 0.70 02 0 0
255 082 035 255 20.8078613 16.2812500 46.7791595 0.70 02 0 0
255 082 035 255 13.6708984 23.2094727 46.7791595 0.70 02 0 0
255 082 035 255 13.8817139 -20.243042 46.7791595 0.70 02 0 0
255 082 035 255 20.8078613 -13.302002 46.7791595 0.70 02 0 0
255 082 035 255 13.6708984 -6.3737788 46.7791595 0.70 02 0 0
%bouy
255 000 000 255 0.03767900 0.05954000 10.2826271 1.20 00 0 0
255 000 000 255 0.03767900 0.05954000 12.5506706 1.00 00 0 0
%bulkheadlight
255 255 255 255 0.22000000 0.00000000 0.00000000 0.50 00 0 0
%burgerland02
137 140 090 255 27.3763428 19.5598145 2.35583997 0.90 00 0 0
137 140 090 255 25.5776367 -8.9116211 3.13393807 0.90 00 0 0
137 140 090 255 27.3765869 21.1606445 2.35583997 0.90 00 0 0
137 140 090 255 2.06201196 -1.7697750 8.88396072 0.90 00 0 0
137 140 090 255 5.69689894 40.8452148 1.59633398 0.90 00 0 0
137 140 090 255 7.29772902 40.8452148 1.59633398 0.90 00 0 0
137 140 090 255 5.91516113 -1.7697750 8.88396072 0.90 00 0 0
137 140 090 255 27.3413086 -10.692139 3.13393807 0.90 00 0 0
137 140 090 255 -20.342896 -12.795410 3.13393807 0.90 00 0 0
137 140 090 255 -20.342896 -9.8808594 3.13393807 0.90 00 0 0
%burgerland1
137 140 090 255 -2.2987061 -1.7526860 9.30348969 0.90 00 0 0
137 140 090 255 -27.325317 19.5405273 2.21576309 0.90 00 0 0
137 140 090 255 -5.7399902 33.5395508 2.48278093 0.90 00 0 0
137 140 090 255 -7.3883061 33.5395508 2.48278093 0.90 00 0 0
137 140 090 255 19.5783691 -22.359619 3.32056403 0.90 00 0 0
137 140 090 255 -27.325317 20.9768066 2.21576309 0.90 00 0 0
137 140 090 255 21.3236084 -22.359619 3.32056403 0.90 00 0 0
137 140 090 255 -5.6330571 -1.7526860 9.30348969 0.90 00 0 0
137 140 090 255 35.1525879 32.3071289 3.65345597 0.90 00 0 0
137 140 090 255 33.4986572 32.3071289 3.65345597 0.90 00 0 0
%capitrec1_lawn
231 000 000 255 14.6096191 7.01452589 50.8175964 0.70 05 0 0
%cargobob
255 255 255 255 0.00000000 -11.865214 2.76952600 0.30 00 0 0
255 255 255 255 0.00000100 6.80265903 -1.7990640 0.30 00 0 0
%carrier_bits_sfse
255 000 000 255 -25.195435 2.51757789 7.83700180 0.60 00 0 0
255 000 000 255 20.8096924 5.99511719 17.7295609 0.60 00 0 0
255 000 000 255 16.8627930 5.99331713 17.7295609 0.60 00 0 0
010 218 000 255 16.8430176 -6.1066589 17.7295609 0.60 00 0 0
010 218 000 255 20.7908936 -6.0803218 17.7295609 0.60 00 0 0
255 000 000 255 -21.965942 2.51937890 7.83700180 0.60 00 0 0
010 218 000 255 -25.215210 -2.5080259 7.83700180 0.60 00 0 0
010 218 000 255 -21.984741 -2.4816890 7.83700180 0.60 00 0 0
255 000 000 255 -25.195435 2.51757789 -8.8750496 0.60 00 0 0
010 218 000 255 -25.215210 -2.5080259 -8.8750496 0.60 00 0 0
010 218 000 255 -21.984741 -2.4816890 -8.8750496 0.60 00 0 0
255 000 000 255 -21.965942 2.51937890 -8.8750496 0.60 00 0 0
%casinoblock3
120 120 120 255 68.8981934 -50.256226 -29.008673 1.20 00 0 0
120 120 120 255 67.2788086 -50.256226 -29.008673 1.20 00 0 0
%casinoblock3_nt
%casinoblock41_nt
%chinalamp_sf
255 148 052 255 -0.0188030 0.01227600 3.62815499 0.50 00 0 0
%circuslampost03
255 015 015 255 -1.6809080 -2.9333501 9.96313953 0.50 00 0 1
218 218 218 255 3.28833008 -0.0126950 9.96313953 0.50 00 0 1
015 128 255 255 -1.7177730 2.88476610 9.96313953 0.50 00 0 1
%cj_bag_reclaim
223 206 148 255 24.9267578 11.7038040 2.11950707 0.80 00 0 0
223 206 148 255 10.9665527 11.7038040 2.11950707 0.80 00 0 0
223 206 148 255 -0.7141110 11.7038040 2.11950707 0.80 00 0 0
223 206 148 255 -16.143188 11.7038040 2.11950707 0.80 00 0 0
223 206 148 255 -16.143188 -3.1741371 2.11950707 0.80 00 0 0
223 206 148 255 -0.7141110 -3.1741371 2.11950707 0.80 00 0 0
223 206 148 255 10.9665527 -3.1741371 2.11950707 0.80 00 0 0
223 206 148 255 24.9267578 -3.1741371 2.11950707 0.80 00 0 0
223 206 148 255 11.7298584 4.11213684 2.11950707 0.80 00 0 0
223 206 148 255 -2.6905520 4.11213684 2.11950707 0.80 00 0 0
%cj_traffic_light3
255 000 000 255 -0.2654250 -0.1657790 4.63759613 0.45 00 0 0
255 142 000 255 -0.2654250 -0.1657790 4.38747692 0.45 00 0 0
000 255 000 255 -0.2654250 -0.1657790 4.11343288 0.45 00 0 0
%cj_traffic_light4
255 000 000 255 -3.2385011 -0.0538710 5.62209320 0.45 00 0 0
255 128 000 255 -3.2385011 -0.0538710 5.37197399 0.45 00 0 0
000 255 000 255 -3.2385011 -0.0538710 5.09792900 0.45 00 0 0
255 000 000 255 0.02552200 -0.1633070 3.00372791 0.45 00 0 0
255 142 000 255 0.02552200 -0.1633070 2.75360894 0.45 00 0 0
000 255 000 255 0.02552200 -0.1633070 2.47956491 0.45 00 0 0
255 148 052 255 -2.0455611 0.11908000 7.59087706 0.50 00 0 0
%cj_traffic_light5
255 000 000 255 0.09091600 -0.2518840 2.98028994 0.45 00 0 0
255 128 000 255 0.09091600 -0.2518840 2.73017192 0.45 00 0 0
000 255 000 255 0.09091600 -0.2518840 2.45612693 0.45 00 0 0
255 148 052 255 -1.6899260 0.01702900 6.00707912 0.50 00 0 0
%coastg
238 164 099 255 0.00000000 -2.9744310 2.32811594 1.00 00 0 0
%containercrane_04
255 000 000 255 0.05683100 2.68653893 25.5639114 0.50 00 0 0
%controltower_sfse
255 000 000 255 -19.879272 6.47526598 43.3670044 1.00 02 0 0
%copbits_sfe
255 005 005 255 -11.131226 -9.9292603 3.07968092 0.50 00 0 0
255 005 005 255 -11.131226 12.2606201 3.07968092 0.50 00 0 0
255 005 005 255 11.4421387 12.2606201 3.07968092 0.50 00 0 0
255 005 005 255 11.4421387 -9.9931030 3.07968092 0.50 00 0 0
255 005 005 255 25.3452148 7.43359423 23.1525764 0.50 00 0 0
255 005 005 255 21.2342529 12.5067749 23.2538605 0.50 00 0 0
255 005 005 255 87.4523926 -14.907776 77.3316498 0.50 00 0 0
255 005 005 255 28.1715088 12.6304321 23.1525764 0.50 00 0 0
%corvinsign_sfse
255 255 255 255 4.36596203 4.56627417 -4.2437520 0.50 00 0 0
255 255 255 255 4.36895323 -1.2460790 -4.2437520 0.50 00 0 0
%cropdust
255 255 255 255 0.00000000 -2.3606119 1.15985703 0.20 00 0 0
156 000 000 255 -5.4716210 1.55825496 1.19612896 0.20 00 0 0
000 102 007 255 5.46885490 1.55739605 1.19748199 0.20 00 0 0
%cxrf_floodlite_
179 249 227 255 -1.4160800 -0.2119400 10.3593655 1.00 00 0 0
179 249 227 255 0.01019000 -0.3277850 10.3593655 1.00 00 0 0
179 249 227 255 1.39153695 -0.2101090 10.3593655 1.00 00 0 0
%des_transtower
255 039 039 255 0.22284500 -0.4172870 113.501358 1.00 02 0 0
255 039 039 255 0.22284500 -0.4172870 90.5013580 1.00 02 0 0
255 039 039 255 0.22284500 -0.4172870 67.5013580 1.00 02 0 0
255 039 039 255 0.22284500 -0.4172870 44.5013580 1.00 02 0 0
%dodo
052 255 057 255 6.18715477 0.64193797 1.01721299 1.00 02 0 0
255 052 052 255 -6.1406078 0.64193797 1.01721299 1.00 02 0 0
255 255 255 255 0.00000000 -6.1544981 1.89994299 1.00 02 0 0
%donut01_lawn
%doublestreetlght1
167 255 242 255 2.72566199 1.03750801 4.81060314 0.70 00 0 0
%freighter2b_sfe
255 039 039 255 42.7827148 -0.1654050 20.1967564 0.50 05 0 0
255 255 210 255 42.1395264 -0.1654050 16.6199970 0.50 00 0 0
%gay_lamppost
254 117 134 255 -1.3009140 0.17199300 3.60124803 0.70 00 0 1
%gay_traffic_light
255 255 221 255 -2.0868859 0.11295300 7.52668381 0.60 00 0 0
255 000 000 255 -3.2400639 -0.1878740 5.62209320 0.45 00 0 0
255 128 000 255 -3.2400639 -0.1878740 5.37197399 0.45 00 0 0
000 255 000 255 -3.2400639 -0.1878740 5.09792900 0.45 00 0 0
255 000 000 255 0.02395900 -0.2442630 3.00372791 0.45 00 0 0
255 142 000 255 0.02395900 -0.2442630 2.75360894 0.45 00 0 0
000 255 000 255 0.02395900 -0.2442630 2.47956491 0.45 00 0 0
255 148 052 255 -2.0471239 0.10811600 7.59087706 0.70 00 0 0
%hashblock1_08_sfs
%hc_stadlight1_sfs
255 255 255 255 -37.061279 19.3838043 3.67422104 0.60 00 0 0
255 255 255 255 -37.462402 18.8703308 3.67422104 0.60 00 0 0
255 255 255 255 -36.631104 19.9343262 3.67422104 0.60 00 0 0
255 255 255 255 37.5227051 19.6131287 3.67422104 0.60 00 0 0
255 255 255 255 37.0092773 20.0142670 3.67422104 0.60 00 0 0
255 255 255 255 38.0732422 19.1829681 3.67422104 0.60 00 0 0
255 255 255 255 -37.426758 -19.566284 3.67422104 0.60 00 0 0
255 255 255 255 -36.913330 -19.967407 3.67422104 0.60 00 0 0
255 255 255 255 -37.977295 -19.136108 3.67422104 0.60 00 0 0
255 255 255 255 37.1191406 -19.798218 3.67422104 0.60 00 0 0
255 255 255 255 36.6889648 -20.348816 3.67422104 0.60 00 0 0
255 255 255 255 37.5202637 -19.284821 3.67422104 0.60 00 0 0
%helipad1_las
225 080 035 255 4.08496094 16.5605469 0.28479001 1.00 02 0 0
225 080 035 255 4.13708496 -20.019775 0.28479001 1.00 02 0 0
225 080 035 255 -38.759033 -20.081055 0.28479001 1.00 02 0 0
225 080 035 255 -38.811157 16.4992676 0.28479001 1.00 02 0 0
%helix_barrier
228 145 000 255 14.1521950 0.03344700 0.98885697 1.20 00 0 0
228 145 000 255 -9.1740494 0.03344700 0.98885697 1.20 00 0 0
228 145 000 255 10.8688278 0.03344700 0.98885697 1.20 00 0 0
228 145 000 255 9.08906555 0.03344700 0.98885697 1.20 00 0 0
228 145 000 255 5.75378418 0.03344700 0.98885697 1.20 00 0 0
228 145 000 255 -5.7775121 0.03344700 0.98885697 1.20 00 0 0
228 145 000 255 -10.925835 0.03344700 0.98885697 1.20 00 0 0
228 145 000 255 -14.233109 0.03344700 0.98885697 1.20 00 0 0
%hubgirders_sfse
254 255 175 255 -4.4433589 -12.065369 -1.3948040 0.20 00 0 0
254 255 175 255 -4.4484859 -0.0118260 -1.3948040 0.20 00 0 0
254 255 175 255 4.44946289 -0.0132750 -1.3948040 0.20 00 0 0
254 255 175 255 4.44628906 12.0424652 -1.3948040 0.20 00 0 0
056 056 056 255 0.02905300 12.8116760 -0.3600180 0.00 00 0 1
056 056 056 255 0.02905300 12.3331451 -0.3600180 0.00 00 0 1
056 056 056 255 0.02905300 11.8546143 -0.3600180 0.00 00 0 1
056 056 056 255 0.02905300 11.3760834 -0.3600180 0.00 00 0 1
056 056 056 255 0.02905300 4.69955397 -0.3600180 0.00 00 0 1
056 056 056 255 0.02905300 4.22102404 -0.3600180 0.00 00 0 1
056 056 056 255 0.02905300 3.74249291 -0.3600180 0.00 00 0 1
056 056 056 255 0.02905300 3.26396203 -0.3600180 0.00 00 0 1
056 056 056 255 0.02905300 -3.2952731 -0.3600180 0.00 00 0 1
056 056 056 255 0.02905300 -3.7738039 -0.3600180 0.00 00 0 1
056 056 056 255 0.02905300 -4.2523351 -0.3600180 0.00 00 0 1
056 056 056 255 0.02905300 -4.7308650 -0.3600180 0.00 00 0 1
069 069 069 255 5.11755419 -9.8187103 -1.2304740 0.00 00 0 1
069 069 069 255 5.11755419 -10.364914 -1.2304740 0.00 00 0 1
069 069 069 255 5.11755419 -10.911118 -1.2304740 0.00 00 0 1
069 069 069 255 5.11755419 -11.457321 -1.2304740 0.00 00 0 1
%hubintroof_sfse
%hunter
255 255 255 255 -0.0000010 -9.2706223 2.59948397 0.20 00 0 0
255 255 255 255 0.00000000 4.27004623 -0.8641350 0.20 00 0 0
%hydra
033 188 037 255 4.83261824 -1.3966110 -0.4524880 0.20 00 0 0
188 033 033 255 -4.8323002 -1.3966110 -0.4524880 0.20 00 0 0
255 255 255 255 0.00000000 -6.1552901 2.15064812 0.20 00 0 0
%imy_track_barrier
236 159 039 255 1.83618200 0.01147500 1.50935698 1.00 00 0 0
236 159 039 255 -1.4125980 0.01147500 1.50935698 1.00 00 0 0
%jetmax
255 255 255 255 0.00000000 8.72669411 1.48818600 0.40 00 0 0
%ladtbuild10_lan
%lae2_landhub04
%laeglenpark01
%laehospitaltr
194 023 039 255 -11.904053 32.3724365 33.1944427 0.70 02 0 0
039 105 180 255 -11.904053 32.3724365 21.9202118 0.70 03 0 0
039 105 180 255 -11.904053 32.3724365 11.6308355 0.70 03 0 0
%laeidleproj02
221 202 126 255 27.8145752 -26.707520 -3.4140551 0.70 00 0 0
221 202 126 255 12.4864502 -20.631348 -3.4140551 0.70 00 0 0
221 202 126 255 -26.288818 9.68725586 -3.4140551 0.70 00 0 0
221 202 126 255 -15.305786 -23.883423 -3.4140551 0.70 00 0 0
%lamotsig1_la
191 206 132 255 2.46875000 3.13159204 4.54124117 0.50 00 0 0
191 206 132 255 2.53417993 9.42224121 4.58024216 0.50 00 0 0
191 206 132 255 -2.4631350 -3.1281741 4.52798796 0.50 00 0 0
191 206 132 255 -2.3696289 -9.3487549 4.53946877 0.50 00 0 0
%lampost_coast
255 255 255 255 0.64501500 -0.0006900 4.42053699 0.50 00 0 1
%lamppost1
249 145 034 255 -0.4352510 0.04841200 3.20199990 0.70 00 0 1
%lamppost2
255 200 074 255 2.98354292 0.01044500 5.32080507 0.70 00 0 1
255 200 074 255 -2.9888530 0.01044500 5.32274580 0.70 00 0 1
%lamppost3
255 148 052 255 -1.3951340 0.22023000 3.67026401 0.70 00 0 1
%lariversec4a_lan
255 082 035 255 34.2016602 -1.5473630 -0.8511870 1.00 00 0 0
255 082 035 255 32.2808838 -13.090088 -0.8511870 1.00 00 0 0
255 082 035 255 -8.9987793 -1.9951169 -0.8511870 1.00 00 0 0
255 082 035 255 -7.0780029 9.54760742 -0.8511870 1.00 00 0 0
255 082 035 255 -41.921143 15.9561768 -0.8511870 1.00 00 0 0
255 082 035 255 -41.717407 4.59924316 -0.8511870 1.00 00 0 0
%lariversec4b_lan
255 082 035 255 -0.9316410 6.59130907 1.64100099 1.00 00 0 0
255 082 035 255 28.2714844 -0.3812260 1.64100099 1.00 00 0 0
255 082 035 255 26.3507080 -11.923950 1.64100099 1.00 00 0 0
255 082 035 255 -2.8524170 -4.9514160 1.64100099 1.00 00 0 0
%laskyscrap4_lan
#154 213 232 255 -8.0097656 -18.924561 34.7564392 1.20 00 0 0
%lasrnway_disable1_las
225 080 035 255 114.716553 -25.672119 0.12027100 0.50 02 0 0
225 080 035 255 114.716431 -62.933594 0.12027100 0.50 02 0 0
225 080 035 255 18.4923096 -25.672119 -0.0047600 0.50 02 0 0
225 080 035 255 18.4921875 -62.933594 -0.0047600 0.50 02 0 0
225 080 035 255 -88.955200 -25.672119 -0.0047600 0.50 02 0 0
225 080 035 255 -88.955322 -44.302734 -0.0047600 0.50 02 0 0
225 080 035 255 -88.955322 -62.933594 -0.0047600 0.50 02 0 0
255 255 000 255 -13.000000 -44.330000 0.12000000 0.44 00 1 0
255 255 000 255 3.00000000 -44.330000 0.12000000 0.44 00 1 0
255 255 000 255 18.0000000 -44.330000 0.12000000 0.44 00 1 0
255 255 000 255 51.0000000 -44.330000 0.12000000 0.44 00 1 0
255 255 000 255 67.0000000 -44.330000 0.12000000 0.44 00 1 0
255 255 000 255 82.0000000 -44.330000 0.12000000 0.44 00 1 0
255 255 000 255 115.000000 -44.330000 0.12000000 0.44 00 1 0
255 255 000 255 136.000000 -44.330000 0.12000000 0.44 00 1 0
255 255 000 255 156.000000 -44.330000 0.12000000 0.44 00 1 0
255 000 000 255 -47.000000 -47.800000 0.12000000 0.44 00 1 0
255 000 000 255 -47.000000 -52.000000 0.12000000 0.44 00 1 0
255 000 000 255 -47.000000 -56.300000 0.12000000 0.44 00 1 0
255 000 000 255 -47.000000 -32.100000 0.12000000 0.44 00 1 0
255 000 000 255 -47.000000 -36.600000 0.12000000 0.44 00 1 0
255 000 000 255 -47.000000 -41.000000 0.12000000 0.44 00 1 0
000 255 000 255 -50.000000 -47.800000 0.12000000 0.44 00 1 0
000 255 000 255 -50.000000 -52.000000 0.12000000 0.44 00 1 0
000 255 000 255 -50.000000 -56.300000 0.12000000 0.44 00 1 0
000 255 000 255 -50.000000 -32.100000 0.12000000 0.44 00 1 0
000 255 000 255 -50.000000 -36.600000 0.12000000 0.44 00 1 0
000 255 000 255 -50.000000 -41.000000 0.12000000 0.44 00 1 0
255 255 000 255 34.0000000 -39.600000 0.12000000 0.44 00 1 0
255 255 000 255 34.0000000 -36.600000 0.12000000 0.44 00 1 0
255 255 000 255 34.0000000 -33.600000 0.12000000 0.44 00 1 0
255 255 000 255 34.0000000 -49.000000 0.12000000 0.44 00 1 0
255 255 000 255 34.0000000 -52.000000 0.12000000 0.44 00 1 0
255 255 000 255 34.0000000 -55.000000 0.12000000 0.44 00 1 0
255 255 000 255 -77.000000 -47.800000 0.12000000 0.44 00 1 0
255 255 000 255 -77.000000 -52.000000 0.12000000 0.44 00 1 0
255 255 000 255 -77.000000 -56.300000 0.12000000 0.44 00 1 0
255 255 000 255 -77.000000 -59.800000 0.12000000 0.44 00 1 0
255 255 000 255 -77.000000 -29.100000 0.12000000 0.44 00 1 0
255 255 000 255 -77.000000 -32.100000 0.12000000 0.44 00 1 0
255 255 000 255 -77.000000 -36.600000 0.12000000 0.44 00 1 0
255 255 000 255 -77.000000 -41.000000 0.12000000 0.44 00 1 0
255 255 000 255 -53.000000 -44.330000 0.12000000 0.44 00 1 0
255 255 000 255 -56.000000 -44.330000 0.12000000 0.44 00 1 0
255 255 000 255 -59.000000 -44.330000 0.12000000 0.44 00 1 0
255 255 000 255 -62.000000 -44.330000 0.12000000 0.44 00 1 0
255 255 000 255 -65.000000 -44.330000 0.12000000 0.44 00 1 0
255 255 000 255 -68.000000 -44.330000 0.12000000 0.44 00 1 0
255 255 000 255 -71.000000 -44.330000 0.12000000 0.44 00 1 0
255 255 000 255 -74.000000 -44.330000 0.12000000 0.44 00 1 0
255 255 000 255 -77.000000 -44.330000 0.12000000 0.44 00 1 0
255 255 000 255 -80.000000 -44.330000 0.12000000 0.44 00 1 0
255 255 000 255 -83.000000 -44.330000 0.12000000 0.44 00 1 0
255 255 000 255 -86.000000 -44.330000 0.12000000 0.44 00 1 0
255 255 000 255 -92.000000 -44.330000 0.12000000 0.44 00 1 0
255 255 000 255 -95.000000 -44.330000 0.12000000 0.44 00 1 0
255 255 000 255 -98.000000 -44.330000 0.12000000 0.44 00 1 0
255 255 000 255 -101.00000 -44.330000 0.12000000 0.44 00 1 0
255 255 000 255 -104.00000 -44.330000 0.12000000 0.44 00 1 0
255 255 000 255 -107.00000 -44.330000 0.12000000 0.44 00 1 0
255 255 000 255 -110.00000 -44.330000 0.12000000 0.44 00 1 0
255 255 000 255 -113.00000 -44.330000 0.12000000 0.44 00 1 0
255 255 000 255 -80.000000 -41.330000 0.12000000 0.44 00 1 0
255 255 000 255 -83.000000 -41.330000 0.12000000 0.44 00 1 0
255 255 000 255 -86.000000 -41.330000 0.12000000 0.44 00 1 0
255 255 000 255 -92.000000 -41.330000 0.12000000 0.44 00 1 0
255 255 000 255 -95.000000 -41.330000 0.12000000 0.44 00 1 0
255 255 000 255 -98.000000 -41.330000 0.12000000 0.44 00 1 0
255 255 000 255 -101.00000 -41.330000 0.12000000 0.44 00 1 0
255 255 000 255 -104.00000 -41.330000 0.12000000 0.44 00 1 0
255 255 000 255 -107.00000 -41.330000 0.12000000 0.44 00 1 0
255 255 000 255 -110.00000 -41.330000 0.12000000 0.44 00 1 0
255 255 000 255 -113.00000 -41.330000 0.12000000 0.44 00 1 0
255 255 000 255 -80.000000 -47.330000 0.12000000 0.44 00 1 0
255 255 000 255 -83.000000 -47.330000 0.12000000 0.44 00 1 0
255 255 000 255 -86.000000 -47.330000 0.12000000 0.44 00 1 0
255 255 000 255 -92.000000 -47.330000 0.12000000 0.44 00 1 0
255 255 000 255 -95.000000 -47.330000 0.12000000 0.44 00 1 0
255 255 000 255 -98.000000 -47.330000 0.12000000 0.44 00 1 0
255 255 000 255 -101.00000 -47.330000 0.12000000 0.44 00 1 0
255 255 000 255 -104.00000 -47.330000 0.12000000 0.44 00 1 0
255 255 000 255 -107.00000 -47.330000 0.12000000 0.44 00 1 0
255 255 000 255 -110.00000 -47.330000 0.12000000 0.44 00 1 0
255 255 000 255 -113.00000 -47.330000 0.12000000 0.44 00 1 0
%lasrnway_disable2_las
225 080 035 255 -87.205322 -9.4453135 0.00305000 0.50 02 0 0
225 080 035 255 -87.205322 9.18554688 0.00305000 0.50 02 0 0
225 080 035 255 -87.205200 27.8161621 0.00305000 0.50 02 0 0
225 080 035 255 20.2423096 27.8161621 0.00305000 0.50 02 0 0
225 080 035 255 20.2421875 -9.4453135 0.00305000 0.50 02 0 0
225 080 035 255 116.466553 27.8161621 0.12808000 0.50 02 0 0
225 080 035 255 116.466431 -9.4453135 0.12808000 0.50 02 0 0
255 255 000 255 -11.500000 9.20000000 0.12000000 0.44 00 1 0
255 255 000 255 5.50000000 9.20000000 0.12000000 0.44 00 1 0
255 255 000 255 20.2000000 9.20000000 0.12000000 0.44 00 1 0
255 255 000 255 53.2000000 9.20000000 0.12000000 0.44 00 1 0
255 255 000 255 69.2000000 9.20000000 0.12000000 0.44 00 1 0
255 255 000 255 84.2000000 9.20000000 0.12000000 0.44 00 1 0
255 255 000 255 116.800000 9.20000000 0.12000000 0.44 00 1 0
255 255 000 255 139.200000 9.20000000 0.12000000 0.44 00 1 0
255 255 000 255 158.200000 9.20000000 0.12000000 0.44 00 1 0
255 000 000 255 -45.200000 5.60000000 0.12000000 0.44 00 1 0
255 000 000 255 -45.200000 1.40000000 0.12000000 0.44 00 1 0
255 000 000 255 -45.200000 -2.9000000 0.12000000 0.44 00 1 0
255 000 000 255 -45.200000 12.5000000 0.12000000 0.44 00 1 0
255 000 000 255 -45.200000 16.9000000 0.12000000 0.44 00 1 0
255 000 000 255 -45.200000 20.8000000 0.12000000 0.44 00 1 0
000 255 000 255 -48.200000 5.60000000 0.12000000 0.44 00 1 0
000 255 000 255 -48.200000 1.40000000 0.12000000 0.44 00 1 0
000 255 000 255 -48.200000 -2.9000000 0.12000000 0.44 00 1 0
000 255 000 255 -48.200000 12.5000000 0.12000000 0.44 00 1 0
000 255 000 255 -48.200000 16.9000000 0.12000000 0.44 00 1 0
000 255 000 255 -48.200000 20.8000000 0.12000000 0.44 00 1 0
255 255 000 255 -75.200000 5.60000000 0.12000000 0.44 00 1 0
255 255 000 255 -75.200000 1.40000000 0.12000000 0.44 00 1 0
255 255 000 255 -75.200000 -2.9000000 0.12000000 0.44 00 1 0
255 255 000 255 -75.200000 -6.8000000 0.12000000 0.44 00 1 0
255 255 000 255 -75.200000 12.5000000 0.12000000 0.44 00 1 0
255 255 000 255 -75.200000 16.9000000 0.12000000 0.44 00 1 0
255 255 000 255 -75.200000 20.8000000 0.12000000 0.44 00 1 0
255 255 000 255 -75.200000 24.8000000 0.12000000 0.44 00 1 0
255 255 000 255 -51.200000 9.20000000 0.12000000 0.44 00 1 0
255 255 000 255 -54.200000 9.20000000 0.12000000 0.44 00 1 0
255 255 000 255 -57.200000 9.20000000 0.12000000 0.44 00 1 0
255 255 000 255 -60.200000 9.20000000 0.12000000 0.44 00 1 0
255 255 000 255 -63.200000 9.20000000 0.12000000 0.44 00 1 0
255 255 000 255 -66.200000 9.20000000 0.12000000 0.44 00 1 0
255 255 000 255 -69.200000 9.20000000 0.12000000 0.44 00 1 0
255 255 000 255 -72.200000 9.20000000 0.12000000 0.44 00 1 0
255 255 000 255 -75.200000 9.20000000 0.12000000 0.44 00 1 0
255 255 000 255 -78.200000 9.20000000 0.12000000 0.44 00 1 0
255 255 000 255 -81.200000 9.20000000 0.12000000 0.44 00 1 0
255 255 000 255 -84.200000 9.20000000 0.12000000 0.44 00 1 0
255 255 000 255 -90.200000 9.20000000 0.12000000 0.44 00 1 0
255 255 000 255 -93.200000 9.20000000 0.12000000 0.44 00 1 0
255 255 000 255 -95.200000 9.20000000 0.12000000 0.44 00 1 0
255 255 000 255 -98.200000 9.20000000 0.12000000 0.44 00 1 0
255 255 000 255 -101.20000 9.20000000 0.12000000 0.44 00 1 0
255 255 000 255 -104.20000 9.20000000 0.12000000 0.44 00 1 0
255 255 000 255 -107.20000 9.20000000 0.12000000 0.44 00 1 0
255 255 000 255 -110.20000 9.20000000 0.12000000 0.44 00 1 0
255 255 000 255 -78.200000 12.0000000 0.12000000 0.44 00 1 0
255 255 000 255 -81.200000 12.0000000 0.12000000 0.44 00 1 0
255 255 000 255 -84.200000 12.0000000 0.12000000 0.44 00 1 0
255 255 000 255 -90.200000 12.0000000 0.12000000 0.44 00 1 0
255 255 000 255 -93.200000 12.0000000 0.12000000 0.44 00 1 0
255 255 000 255 -95.200000 12.0000000 0.12000000 0.44 00 1 0
255 255 000 255 -98.200000 12.0000000 0.12000000 0.44 00 1 0
255 255 000 255 -101.20000 12.0000000 0.12000000 0.44 00 1 0
255 255 000 255 -104.20000 12.0000000 0.12000000 0.44 00 1 0
255 255 000 255 -107.20000 12.0000000 0.12000000 0.44 00 1 0
255 255 000 255 -110.20000 12.0000000 0.12000000 0.44 00 1 0
255 255 000 255 -78.200000 6.00000000 0.12000000 0.44 00 1 0
255 255 000 255 -81.200000 6.00000000 0.12000000 0.44 00 1 0
255 255 000 255 -84.200000 6.00000000 0.12000000 0.44 00 1 0
255 255 000 255 -90.200000 6.00000000 0.12000000 0.44 00 1 0
255 255 000 255 -93.200000 6.00000000 0.12000000 0.44 00 1 0
255 255 000 255 -95.200000 6.00000000 0.12000000 0.44 00 1 0
255 255 000 255 -98.200000 6.00000000 0.12000000 0.44 00 1 0
255 255 000 255 -101.20000 6.00000000 0.12000000 0.44 00 1 0
255 255 000 255 -104.20000 6.00000000 0.12000000 0.44 00 1 0
255 255 000 255 -107.20000 6.00000000 0.12000000 0.44 00 1 0
255 255 000 255 -110.20000 6.00000000 0.12000000 0.44 00 1 0
%lasrnway_disable3_las
225 080 035 255 -64.927124 29.5070801 0.12807500 0.50 02 0 0
225 080 035 255 -64.927246 -7.7543950 0.12807500 0.50 02 0 0
225 080 035 255 58.1365967 29.4877930 0.47145200 0.50 02 0 0
225 080 035 255 58.1364746 -7.7736821 0.47145200 0.50 02 0 0
255 255 000 255 -64.800000 10.8000000 0.12000000 0.44 00 1 0
255 255 000 255 -41.000000 10.8000000 0.12000000 0.44 00 1 0
255 255 000 255 -17.200000 10.8000000 0.12000000 0.44 00 1 0
255 255 000 255 13.3000000 10.8000000 0.12000000 0.44 00 1 0
255 255 000 255 35.0000000 10.8000000 0.12000000 0.44 00 1 0
255 255 000 255 57.2000000 10.8000000 0.12000000 0.44 00 1 0
255 255 000 255 -87.300000 6.30000000 0.12000000 0.44 00 1 0
255 255 000 255 -87.300000 3.30000000 0.12000000 0.44 00 1 0
255 255 000 255 -87.300000 0.00000000 0.12000000 0.44 00 1 0
255 255 000 255 -87.300000 15.6000000 0.12000000 0.44 00 1 0
255 255 000 255 -87.300000 18.6000000 0.12000000 0.44 00 1 0
255 255 000 255 -87.300000 21.6000000 0.12000000 0.44 00 1 0
%lasrnway_disable4_las
225 080 035 255 -64.481934 -74.922363 0.12026500 0.50 02 0 0
225 080 035 255 -64.481812 -37.660889 0.12026500 0.50 02 0 0
225 080 035 255 58.5819092 -37.680176 0.46364200 0.50 02 0 0
225 080 035 255 58.5817871 -74.941650 0.46364200 0.50 02 0 0
255 255 000 255 -64.400000 -56.300000 0.12000000 0.44 00 1 0
255 255 000 255 -41.000000 -56.300000 0.12000000 0.44 00 1 0
255 255 000 255 -16.400000 -56.300000 0.12000000 0.44 00 1 0
255 255 000 255 13.9000000 -56.300000 0.12000000 0.44 00 1 0
255 255 000 255 35.0000000 -56.300000 0.12000000 0.44 00 1 0
255 255 000 255 58.2000000 -56.300000 0.12000000 0.44 00 1 0
255 255 000 255 -87.300000 -51.600000 0.12000000 0.44 00 1 0
255 255 000 255 -87.300000 -48.600000 0.12000000 0.44 00 1 0
255 255 000 255 -87.300000 -45.600000 0.12000000 0.44 00 1 0
255 255 000 255 -87.300000 -61.000000 0.12000000 0.44 00 1 0
255 255 000 255 -87.300000 -64.000000 0.12000000 0.44 00 1 0
255 255 000 255 -87.300000 -67.000000 0.12000000 0.44 00 1 0
%lasrnway_disable5_las
225 080 035 255 109.522461 41.8786621 -5.7629189 0.50 02 0 0
225 080 035 255 72.2526855 41.8789063 -5.7629189 0.50 02 0 0
225 080 035 255 32.1550293 72.9584961 -5.7629199 0.50 02 0 0
225 080 035 255 32.1552734 110.219971 -5.7629199 0.50 02 0 0
225 080 035 255 -68.460693 72.9758301 -5.7629199 0.50 02 0 0
225 080 035 255 -68.460571 110.237305 -5.7629199 0.50 02 0 0
225 080 035 255 -68.460571 10.8662109 -5.7629228 0.50 02 0 0
225 080 035 255 -68.460693 -26.395264 -5.7629228 0.50 02 0 0
225 080 035 255 32.1552734 10.8488770 -5.7629228 0.50 02 0 0
225 080 035 255 32.1550293 -26.412598 -5.7629228 0.50 02 0 0
255 255 000 255 -131.40000 -7.8000000 -6.2000000 0.44 00 1 0
255 255 000 255 -114.40000 -7.8000000 -6.2000000 0.44 00 1 0
255 255 000 255 -96.600000 -7.8000000 -6.2000000 0.44 00 1 0
255 255 000 255 -68.400000 -7.8000000 -6.2000000 0.44 00 1 0
255 255 000 255 -52.000000 -7.8000000 -6.2000000 0.44 00 1 0
255 255 000 255 -35.000000 -7.8000000 -6.2000000 0.44 00 1 0
255 255 000 255 -131.40000 91.6000000 -6.2000000 0.44 00 1 0
255 255 000 255 -114.40000 91.6000000 -6.2000000 0.44 00 1 0
255 255 000 255 -96.600000 91.6000000 -6.2000000 0.44 00 1 0
255 255 000 255 -68.400000 91.6000000 -6.2000000 0.44 00 1 0
255 255 000 255 -52.000000 91.6000000 -6.2000000 0.44 00 1 0
255 255 000 255 -35.000000 91.6000000 -6.2000000 0.44 00 1 0
255 255 000 255 -3.0000000 91.6000000 -6.2000000 0.44 00 1 0
255 255 000 255 15.5000000 91.6000000 -6.2000000 0.44 00 1 0
255 255 000 255 32.1000000 91.6000000 -6.2000000 0.44 00 1 0
255 255 000 255 -3.0000000 -7.8000000 -6.2000000 0.44 00 1 0
255 255 000 255 15.5000000 -7.8000000 -6.2000000 0.44 00 1 0
255 255 000 255 32.1000000 -7.8000000 -6.2000000 0.44 00 1 0
255 255 000 255 66.4000000 87.6000000 -6.2000000 0.44 00 1 0
255 255 000 255 68.4000000 -3.0000000 -6.2000000 0.44 00 1 0
255 255 000 255 86.5000000 16.0000000 -6.2000000 0.44 00 1 0
255 255 000 255 86.3000000 68.8000000 -6.2000000 0.44 00 1 0
%laxrf_refinerybase
059 224 172 255 -12.652832 6.44750977 -3.4930530 1.00 00 0 0
059 224 172 255 -1.0346680 6.44750977 -14.784035 1.00 00 0 0
224 183 059 255 -12.699463 -6.5142822 5.05125380 1.00 00 0 0
224 183 059 255 8.57592773 -0.0838620 15.0195160 1.00 00 0 0
059 224 199 255 4.46581984 -1.5240480 9.83705139 1.00 00 0 0
224 183 059 255 8.57592773 -0.0838620 5.05125380 1.00 00 0 0
224 183 059 255 8.57592773 -0.0838620 24.2394218 1.00 00 0 0
%leviathn
255 255 255 255 0.00000000 0.00337700 4.10014200 0.20 00 0 0
255 039 039 255 0.00000000 -0.1372030 -0.8353550 0.20 00 0 0
255 048 048 255 0.19924800 -10.901125 2.91517901 0.20 00 0 0
%libtwrhelipd_lan2
255 005 005 255 -8.8450928 11.3035889 1.57894897 0.60 00 0 0
255 005 005 255 9.00305176 11.3372803 1.56259203 0.60 00 0 0
255 005 005 255 8.99951172 -5.1242681 1.54516602 0.60 00 0 0
255 005 005 255 -8.8798828 -5.0963130 1.57046497 0.60 00 0 0
%liquorstore02_lae2
015 230 000 255 8.96069336 1.46679699 0.15269700 1.00 02 0 0
015 230 000 255 8.08081055 1.46679699 0.15269700 1.00 02 0 0
015 230 000 255 8.08081055 2.06030297 1.66600597 1.00 02 0 0
015 230 000 255 8.96069336 2.06030297 1.66600597 1.00 02 0 0
015 230 000 255 8.08081055 -0.7760010 -0.5841390 1.00 02 0 0
015 230 000 255 8.96069336 -0.7760010 -0.5841390 1.00 02 0 0
015 230 000 255 8.08081055 -1.7802730 -3.0272241 1.00 02 0 0
015 230 000 255 8.96069336 -1.7802730 -3.0272241 1.00 02 0 0
%ltslasky1b_lan
215 025 045 255 30.0134506 -21.135899 174.103027 1.00 02 0 0
215 025 045 255 -15.406593 -16.491482 173.806885 1.00 02 0 0
215 025 045 255 -19.885834 30.1558571 173.658508 1.00 02 0 0
215 025 045 255 -24.746063 26.1463375 157.363098 1.00 00 0 0
215 025 045 255 -30.314669 20.1041012 146.423828 1.00 00 0 0
215 025 045 255 19.6853237 -29.895908 146.423813 1.00 00 0 0
215 025 045 255 24.6640835 -24.646519 157.905640 1.00 00 0 0
215 025 045 255 19.6853237 -29.895908 66.3667908 1.00 00 0 0
215 025 045 255 19.6853237 -29.895908 -18.764427 1.00 00 0 0
215 025 045 255 -30.314669 20.1041012 66.4201660 1.00 00 0 0
215 025 045 255 -30.314669 20.1041012 -20.259430 1.00 00 0 0
215 025 045 255 30.2281799 30.0646629 66.3667908 1.00 00 0 0
215 025 045 255 30.2281799 30.0646629 -19.061752 1.00 00 0 0
%ltslasky2b_lan2
215 025 045 255 -7.4512939 18.2829590 211.307251 1.00 02 0 0
215 025 045 255 -21.633057 -3.3107910 211.307251 1.00 02 0 0
215 025 045 255 -0.1514890 -19.916382 211.307251 1.00 02 0 0
215 025 045 255 21.7901611 -3.1345210 211.307251 1.00 02 0 0
215 025 045 255 7.34106398 18.2829590 211.307251 1.00 02 0 0
203 023 023 255 18.2053223 15.3358154 163.951630 1.00 00 0 0
203 023 023 255 18.2053223 -16.008423 163.951630 1.00 00 0 0
203 023 023 255 -18.283936 -16.008423 163.951630 1.00 00 0 0
203 023 023 255 -18.283936 15.3358154 163.951630 1.00 00 0 0
203 023 023 255 -21.525513 -20.523682 114.341095 1.00 00 0 0
203 023 023 255 -21.647827 19.6269531 114.341095 1.00 00 0 0
203 023 023 255 23.0642090 -20.523682 114.341095 1.00 00 0 0
203 023 023 255 22.9420166 19.6269531 114.341095 1.00 00 0 0
203 023 023 255 -0.3809810 27.3483887 114.341095 1.00 00 0 0
203 023 023 255 -0.3809810 27.3483887 38.3008423 1.00 00 0 0
203 023 023 255 -0.3809810 27.3483887 -37.739388 1.00 00 0 0
203 023 023 255 -0.3809810 -27.665161 114.341095 1.00 00 0 0
203 023 023 255 -0.3809810 -27.665161 38.3008423 1.00 00 0 0
203 023 023 255 -0.3809810 -27.665161 -37.739388 1.00 00 0 0
%ltslasky3b_lan2
215 025 045 255 -68.767059 27.5739403 153.463898 1.00 02 0 0
215 025 045 255 0.21548501 28.4755383 109.925766 1.00 02 0 0
215 025 045 255 0.21547499 -29.133104 109.925766 1.00 02 0 0
215 025 045 255 -11.618998 -31.963425 76.3002625 1.00 00 0 0
215 025 045 255 11.6313686 -31.963428 76.3002625 1.00 00 0 0
215 025 045 255 11.6313791 31.9954338 76.3002625 1.00 00 0 0
215 025 045 255 -11.618987 31.9954376 76.3002625 1.00 00 0 0
215 025 045 255 18.5233364 -31.963428 43.3479767 1.00 00 0 0
215 025 045 255 -18.752298 -31.963423 43.3479767 1.00 00 0 0
215 025 045 255 18.5233479 31.8195305 43.3479767 1.00 00 0 0
215 025 045 255 -18.752287 31.8195362 43.3479767 1.00 00 0 0
215 025 045 255 18.5233479 31.8195305 3.66134596 1.00 00 0 0
215 025 045 255 -18.752287 31.8195362 3.66134596 1.00 00 0 0
215 025 045 255 18.5233479 31.8195305 -35.948967 1.00 00 0 0
215 025 045 255 -18.752287 31.8195362 -35.948967 1.00 00 0 0
215 025 045 255 18.5233364 -31.922413 -35.948967 1.00 00 0 0
215 025 045 255 -18.752298 -31.922407 -35.948967 1.00 00 0 0
215 025 045 255 18.5233364 -31.922413 3.66134596 1.00 00 0 0
215 025 045 255 -18.752298 -31.922407 3.66134596 1.00 00 0 0
185 226 254 255 -18.752291 10.3444386 43.3479767 1.00 00 0 0
185 226 254 255 19.2396488 -10.863576 43.3479767 1.00 00 0 0
215 025 045 255 78.3981018 18.6011353 25.6564789 1.00 02 0 0
056 084 173 255 78.3981018 18.6011353 10.8289032 1.00 03 0 0
056 084 173 255 78.3981018 18.6011353 -1.8749080 1.00 03 0 0
056 084 173 255 78.3981018 18.6011353 -14.578728 1.00 03 0 0
056 084 173 255 78.3981018 18.6011353 -27.282547 1.00 03 0 0
%ltslasky4_lan2
211 223 229 255 17.4919434 -13.695801 50.6470871 1.00 00 0 0
211 223 229 255 7.00085402 -21.668213 50.6470871 1.00 00 0 0
211 223 229 255 -28.094727 -21.742065 50.6470871 1.00 00 0 0
211 223 229 255 27.8875732 4.79614305 50.6470871 1.00 00 0 0
211 223 229 255 27.8463135 23.8988037 50.9527893 1.00 00 0 0
211 223 229 255 -28.251587 23.8988037 51.1040344 1.00 00 0 0
%ltslasky6_lan2
211 223 229 255 -32.377441 12.6239014 176.949249 1.00 00 0 0
211 223 229 255 -32.334106 -31.421753 176.949249 1.00 00 0 0
211 223 229 255 -6.1085210 12.6300049 176.949249 1.00 00 0 0
211 223 229 255 -6.1267090 -31.139160 176.949249 1.00 00 0 0
211 223 229 255 6.92187500 -30.625854 169.655319 1.00 00 0 0
211 223 229 255 31.5461426 -30.587158 169.655319 1.00 00 0 0
211 223 229 255 31.5787354 11.3964844 169.655319 1.00 00 0 0
211 223 229 255 6.98120117 11.4809570 169.655319 1.00 00 0 0
%luxorlight_nt
255 243 220 255 2.04174805 0.21203600 41.5536804 0.70 06 0 0
255 243 220 255 -2.1516111 0.21203600 41.5536804 0.70 06 0 0
255 243 220 255 0.19409201 2.04064894 41.5536804 0.70 06 0 0
255 243 220 255 0.19409201 -2.0040281 41.5536804 0.70 06 0 0
%mallcarpark_vgn01
120 120 120 255 -48.304199 -42.297607 17.9780750 1.20 00 0 0
120 120 120 255 -48.304199 -42.297607 22.8104954 1.20 00 0 0
120 120 120 255 -48.304199 -39.911133 22.8104954 1.20 00 0 0
120 120 120 255 -48.304199 -39.911133 17.9780750 1.20 00 0 0
120 120 120 255 -48.304199 -39.911133 13.3486919 1.20 00 0 0
120 120 120 255 -48.304199 -42.297607 13.3486919 1.20 00 0 0
120 120 120 255 -37.668945 28.3437500 17.9780750 1.20 00 0 0
120 120 120 255 -37.668945 28.3437500 13.3486919 1.20 00 0 0
090 090 090 255 -35.914307 28.3437500 22.8104954 1.20 00 0 0
120 120 120 255 -35.914307 28.3437500 17.9780750 1.20 00 0 0
120 120 120 255 -35.914307 28.3437500 13.3486919 1.20 00 0 0
120 120 120 255 -37.668945 28.3437500 22.8104954 1.20 00 0 0
%marquis
255 255 255 255 0.00000000 4.87978601 26.4876537 0.40 00 0 0
%masts1_sfe
255 005 005 255 10.5592041 0.60003698 -7.7987671 0.60 00 0 0
255 005 005 255 10.3780518 0.44927999 6.20710802 0.60 00 0 0
255 005 005 255 10.3780518 0.33960000 20.7116013 0.60 00 0 0
255 005 005 255 9.86340332 0.14300500 33.5918732 0.60 00 0 0
255 005 005 255 -9.2749023 0.60003698 -21.405289 0.60 00 0 0
255 005 005 255 -9.4560547 0.44927999 -14.102173 0.60 00 0 0
255 005 005 255 -9.4560547 0.33960000 -4.8156128 0.60 00 0 0
255 005 005 255 -9.9707031 0.14300500 3.83134508 0.60 00 0 0
%maverick
255 255 255 255 0.00000000 -7.7626309 2.72597003 0.20 00 0 0
255 255 255 255 0.00000000 3.40309095 -0.4888020 0.20 00 0 0
%md_billbolaeb
191 207 225 255 -7.1066890 1.03649902 2.43881989 0.40 00 0 0
191 207 225 255 -4.6176758 0.03698700 2.43881989 0.40 00 0 0
191 207 225 255 -2.0227051 -1.0429690 2.43881989 0.40 00 0 0
191 207 225 255 0.67236298 -2.1693120 2.43881989 0.40 00 0 0
191 207 225 255 3.21972704 -3.1654050 2.43881989 0.40 00 0 0
191 207 225 255 5.57324219 -4.1947021 2.43881989 0.40 00 0 0
%mine
255 000 000 255 0.00441900 -0.0027300 0.08689600 1.00 00 0 0
%miragebuild05
100 100 100 255 65.1976318 15.3538818 2.58813691 1.20 00 0 0
100 100 100 255 81.1745605 15.3538818 2.58813691 1.20 00 0 0
100 100 100 255 81.1745605 33.2237549 2.58813691 1.20 00 0 0
100 100 100 255 65.1486816 33.2237549 2.58813691 1.20 00 0 0
100 100 100 255 51.9864502 33.0208740 1.74761999 1.20 00 0 0
255 255 255 255 51.9864502 15.0694580 1.74761999 1.20 00 0 0
%mlamppost
255 148 052 255 -1.4010090 0.01039100 4.10035086 0.50 00 0 1
%mtraffic1
255 000 000 255 -1.4156110 -0.4396970 2.58409405 0.45 00 0 0
000 255 000 255 -7.2912140 0.45388800 2.58657503 0.45 00 0 0
255 255 000 255 -1.0060350 -0.4306030 2.58409405 0.45 00 0 0
255 255 000 255 -6.8764648 0.43388399 2.58657503 0.45 00 0 0
000 255 000 255 -0.6026920 -0.4562230 2.59065199 0.45 00 0 0
255 000 000 255 -6.4731789 0.42808500 2.58657408 0.45 00 0 0
%mtraffic2
255 000 000 255 1.10576606 -0.4234620 3.01380301 0.45 00 0 0
255 128 000 255 1.12404597 -0.4236150 2.53931403 0.45 00 0 0
000 255 000 255 1.15191495 -0.4238590 2.06150603 0.45 00 0 0
255 000 000 255 -11.061827 0.83595300 3.03879690 0.45 00 0 0
255 128 000 255 -11.039154 0.83575398 2.52023292 0.45 00 0 0
000 255 000 255 -11.043114 0.83578497 2.05580902 0.45 00 0 0
%mtraffic4
255 000 000 255 -0.0565070 0.28034201 0.53993398 0.45 00 0 0
255 255 000 255 -0.0328870 0.29462400 0.02005900 0.45 00 0 0
000 255 000 255 -0.0636240 0.28643599 -0.4741810 0.45 00 0 0
%nevada
033 188 048 255 14.3616457 0.65578401 0.37774101 0.20 00 0 0
188 033 033 255 -14.361393 0.65649003 0.37769201 0.20 00 0 0
255 255 255 255 0.00000000 -9.5167704 3.74989510 0.20 00 0 0
%nitelites_sfe01
255 000 000 255 -1.3735350 0.28021199 117.246124 0.80 03 0 0
%nt_roadblockci
255 065 028 255 -4.7494659 0.75683600 -0.9143220 0.60 00 0 0
255 246 173 255 -5.6463618 1.13189697 1.96423697 0.60 00 0 0
255 246 173 255 -3.7173159 3.76043701 -0.9269830 0.60 00 0 0
255 065 028 255 -4.6112061 4.04473877 1.92923701 0.60 00 0 0
%polmav
255 255 255 255 0.00000000 -8.1474581 2.69496202 0.20 00 0 0
255 255 255 255 0.00000000 3.14601111 -0.5694540 0.20 00 0 0
%predator
037 047 255 255 1.13394105 -3.4753571 2.21714091 0.40 02 0 0
255 037 037 255 -1.1339459 -3.4753571 2.21714091 0.40 02 0 0
255 255 255 255 -0.4978280 -0.3900570 6.47807980 0.20 00 0 0
%railbridge01_sfse
255 244 173 255 37.9777832 39.0034180 -3.1823349 0.60 00 1 0
255 244 173 255 17.5252686 24.2015381 5.38403320 0.60 00 1 0
255 244 173 255 46.9748535 26.7185669 -3.1823349 0.60 00 1 0
255 244 173 255 26.5223389 11.9166870 5.38403320 0.60 00 1 0
255 244 173 255 -12.994141 2.06146193 18.3160400 0.60 00 1 0
255 244 173 255 -3.9970701 -10.223389 18.3160400 0.60 00 1 0
255 244 173 255 -29.149414 -28.556458 29.0935822 0.60 00 1 0
255 244 173 255 -38.146484 -16.271606 29.0935822 0.60 00 1 0
255 244 173 255 -53.928711 -46.723511 39.5287399 0.60 00 1 0
255 244 173 255 -62.925781 -34.438660 39.5287399 0.60 00 1 0
%railbridge02_sfse
255 244 173 255 63.2528076 34.8344116 39.5287399 0.60 00 1 0
255 244 173 255 54.2557373 47.1192627 39.5287399 0.60 00 1 0
255 244 173 255 78.5463867 45.7684937 39.5287399 0.60 00 1 0
255 244 173 255 69.5493164 58.0533447 39.5287399 0.60 00 1 0
255 244 173 255 29.4549561 29.1592407 29.0935822 0.60 00 1 0
255 244 173 255 38.4520264 16.8743896 29.0935822 0.60 00 1 0
255 244 173 255 4.27941895 10.8314209 18.3160400 0.60 00 1 0
255 244 173 255 13.2764893 -1.4534301 18.3160400 0.60 00 1 0
255 244 173 255 -26.124634 -11.332397 5.38403320 0.60 00 1 0
255 244 173 255 -17.127563 -23.617249 5.38403320 0.60 00 1 0
255 244 173 255 -38.698120 -39.097351 -3.1823349 0.60 00 1 0
255 244 173 255 -47.695190 -26.812500 -3.1823349 0.60 00 1 0
%railbridge04_sfse
255 244 173 255 39.3646240 21.9633789 12.3137207 0.60 00 1 0
255 244 173 255 30.3675537 34.2482300 12.3137207 0.60 00 1 0
255 244 173 255 8.84521484 -0.1766970 25.2457275 0.60 00 1 0
255 244 173 255 -0.1518550 12.1081543 25.2457275 0.60 00 1 0
255 244 173 255 -16.307129 -18.509766 36.0232697 0.60 00 1 0
255 244 173 255 -25.304199 -6.2249150 36.0232697 0.60 00 1 0
%railbridge09_sfse
255 244 173 255 43.7933350 19.6392822 46.4584274 0.60 00 1 0
255 244 173 255 34.7962646 31.9241333 46.4584274 0.60 00 1 0
255 244 173 255 -15.180054 -4.3637080 25.2457275 0.60 00 1 0
255 244 173 255 18.9925537 1.67926002 36.0232697 0.60 00 1 0
255 244 173 255 9.99548340 13.9641113 36.0232697 0.60 00 1 0
255 244 173 255 -6.1829829 -16.648560 25.2457275 0.60 00 1 0
255 244 173 255 -36.587036 -38.812378 12.3137207 0.60 00 1 0
255 244 173 255 -45.584106 -26.527527 12.3137207 0.60 00 1 0
%raindanc
255 255 255 255 0.00000000 -9.2456388 1.94265997 0.20 00 0 0
255 255 255 255 0.00000000 3.90404797 -0.8733290 0.20 00 0 0
%rcbaron
129 000 000 255 0.83705300 0.30361801 0.23045699 0.20 00 0 0
000 129 009 255 -0.8371890 0.30361801 0.23045699 0.20 00 0 0
%rcgoblin
255 255 255 255 0.00000000 -0.9789490 0.48788700 0.20 00 0 0
255 255 255 255 0.00000000 0.30660400 -0.2430320 0.20 00 0 0
%rcraider
255 255 255 255 0.00000000 -0.9769400 0.48885199 0.20 00 0 0
255 255 255 255 0.00000000 0.39470601 -0.2335470 0.20 00 0 0
%reefer
255 255 255 255 -1.0638430 0.24189501 6.04382896 0.40 00 0 0
%refchimny01
059 241 183 255 -1.1705470 1.71783400 33.4864426 0.60 00 0 0
059 241 183 255 -1.1705470 1.71783400 25.8692265 0.60 00 0 0
255 202 059 255 2.09389496 -2.0181880 18.6088943 0.60 00 0 0
%refinerybox1
253 200 059 255 -4.9487000 -0.0534670 19.1741982 0.60 00 0 0
059 224 172 255 4.68335009 -8.8164673 14.9423885 0.60 00 0 0
%refthinchim1
255 202 059 255 1.69372594 -1.6423650 23.9434319 0.60 00 0 0
%rustler
010 100 014 255 5.63130188 0.93884403 -0.3775980 0.20 00 0 0
157 020 010 255 -5.6331382 0.93896598 -0.3775980 0.20 00 0 0
255 255 255 255 0.03075500 -4.8691592 1.42732894 0.20 00 0 0
%sanclifft05_law2
231 000 000 255 29.7738953 8.95898438 -21.580841 0.50 02 0 0
%seaspar
255 255 255 255 0.00000000 -7.3905740 0.50003201 0.20 00 0 0
255 255 255 255 0.00000000 1.89909005 -0.6275780 0.20 00 0 0
%sf_frwaysig
126 126 114 255 12.2695541 -3.5671041 4.17648077 0.50 00 0 0
126 126 114 255 6.16417313 -3.5671041 4.17648077 0.50 00 0 0
126 126 114 255 2.99321604 -3.5671041 4.17648077 0.50 00 0 0
126 126 114 255 0.08952100 2.75478697 4.17648077 0.50 00 0 0
126 126 114 255 -3.0614510 3.72901893 4.17648077 0.50 00 0 0
126 126 114 255 -9.2504692 3.72901893 4.17648077 0.50 00 0 0
126 126 114 255 -12.375065 3.72901893 4.17648077 0.50 00 0 0
128 000 000 255 14.2151031 1.31358004 4.54355001 0.50 00 0 0
%sf_frwaysig_half
255 255 192 255 -1.5623670 -1.7048340 4.30993080 0.50 00 0 0
%sf_rooflite
255 000 000 255 0.00439500 0.01402300 1.11946499 0.60 00 0 0
%sf_roofmast
255 000 000 255 0.50244099 0.41246000 44.3052979 0.50 00 0 0
255 000 000 255 -0.0161130 0.24552900 57.0686646 0.50 03 0 0
255 000 000 255 0.72094703 0.59483302 30.0363846 0.50 00 0 0
255 000 000 255 1.01977503 0.78343201 18.9150848 0.50 00 0 0
%shamal
033 188 044 255 10.0175486 -1.9677950 0.44742799 0.20 00 0 0
188 033 033 255 -10.017683 -1.9675020 0.44742799 0.20 00 0 0
255 255 255 255 0.00000000 -7.3974280 2.61824799 0.20 00 0 0
%shamcprkin
255 216 160 255 17.9931641 -19.638428 3.55739594 0.40 00 0 0
255 216 160 255 17.9931641 -3.0510249 3.55739594 0.40 00 0 0
255 216 160 255 0.36059600 -3.0510249 3.55739594 0.40 00 0 0
255 216 160 255 0.36059600 -19.638428 3.55739594 0.40 00 0 0
255 216 160 255 -17.441650 -3.0510249 3.55739594 0.40 00 0 0
255 216 160 255 -17.441650 -19.638428 3.55739594 0.40 00 0 0
178 183 098 255 35.2546387 -0.6103520 2.42919898 0.40 00 0 0
%shamheliprt1
232 000 022 255 3.78076196 -27.174561 8.86450195 0.70 02 0 0
%skimmer
255 000 000 255 -5.3725009 0.60521400 1.02512598 0.20 00 0 0
018 255 000 255 5.37808609 0.60521400 1.02512598 0.20 00 0 0
255 255 255 255 0.00000000 -6.1454601 1.91538799 0.20 00 0 0
%skyscrapper_sfs
255 000 000 255 30.2601318 18.6281128 52.8458252 0.70 02 0 0
255 000 000 255 25.5178223 20.4118042 62.5623474 0.70 02 0 0
%sparrow
255 255 255 255 0.00000000 -7.3725510 0.51831102 0.20 00 0 0
255 255 255 255 0.00000000 1.91094697 -0.5417320 0.20 00 0 0
%squalo
255 255 255 255 0.00000000 8.39861774 1.81826901 0.40 00 0 0
%streetlamp1
255 255 255 255 -0.0270690 0.02481800 2.74135900 0.50 00 0 1
%streetlamp2
255 255 255 255 -0.3341060 0.02510100 2.64760900 0.40 00 0 1
255 255 255 255 0.54370099 0.02510100 2.64760900 0.40 00 0 1
%stunt
000 248 029 255 4.06934500 0.50578499 0.67057002 0.30 00 0 0
255 000 000 255 -4.1127610 0.46614099 0.67057002 0.30 00 0 0
255 255 255 255 0.00000100 -3.5761220 1.14288497 0.30 00 0 0
%sub_floodlite
255 255 255 255 -1.4218509 0.00923000 13.8867264 0.46 00 1 1
255 255 255 255 0.00000000 -0.3000000 13.8867264 0.46 00 1 1
255 255 255 255 1.36594995 0.00923000 13.8867264 0.46 00 1 1
%tamomotel1
132 037 037 255 24.2263184 -4.2836909 0.47308400 1.20 00 1 0
132 037 037 255 24.2263184 0.67456102 0.47308400 1.20 00 1 0
132 037 037 255 24.2263184 5.81884813 0.47308400 1.20 00 1 0
%tempsf_4_sfe
212 212 188 255 28.9293213 -33.516296 42.2563095 0.80 00 0 0
255 000 000 255 28.9293213 49.8051758 42.2563095 0.80 00 0 0
%trafficlight1
255 210 052 255 -3.0131741 0.78559899 2.82982397 0.45 00 0 0
000 255 000 255 -3.0394540 0.78559899 2.48544312 0.45 00 0 0
255 000 000 255 -3.0401249 -0.4023740 3.16316509 0.45 00 0 0
255 210 052 255 -3.0386119 -0.4023740 2.82982397 0.45 00 0 0
000 255 000 255 -3.0388060 -0.4023740 2.48544312 0.45 00 0 0
255 000 000 255 -3.0401781 0.78559899 3.16316509 0.45 00 0 0
%traincross1
255 000 000 100 0.17649800 2.71564507 2.05655289 0.45 00 0 0
255 000 000 100 0.17649800 2.33386207 2.03839111 0.45 00 0 0
255 000 000 100 0.05067900 -1.3260040 -0.4003410 0.45 00 0 0
255 000 000 100 0.05067900 -1.9045579 -0.3994680 0.45 00 0 0
255 000 000 100 0.63320500 -1.9045579 -0.3994680 0.45 00 0 0
255 000 000 100 0.63265502 -1.3260040 -0.4003410 0.45 00 0 0
255 000 000 100 0.76673800 2.33386207 2.03839111 0.45 00 0 0
255 000 000 100 0.76788503 2.71564507 2.05655289 0.45 00 0 0
%trdlamp01
255 192 000 255 0.00512700 0.00573700 -0.8042770 1.00 00 0 0
%trimainlite
%tropic
255 255 255 255 -0.4935850 1.33205903 8.73989010 0.20 02 0 0
%tug
255 255 255 255 0.39104599 -0.3360700 1.61567104 0.20 00 0 0
%twrcrane_l_02
255 000 000 255 -0.0969010 -14.574738 5.50920916 1.00 00 0 0
255 000 000 255 -0.0969010 59.8619156 5.50920916 1.00 00 0 0
%twrcrane_m_01
255 000 000 255 0.06594100 -14.574738 5.53141022 1.00 00 0 0
255 000 000 255 0.06594100 49.9263306 5.45024920 1.00 00 0 0
%twrcrane_s_04
255 000 000 255 0.06032800 -14.574738 5.56552076 1.00 00 0 0
255 000 000 255 0.06032800 39.8301773 5.40282393 1.00 00 0 0
%ufo_barinterior
%unionliq_las
223 124 111 255 -1.6181639 1.03039598 2.40983391 1.00 03 0 0
%vcnmav
255 255 255 255 0.00000000 -6.5829520 2.56397009 0.20 00 0 0
255 255 255 255 0.00000000 2.57474399 -0.4840190 0.20 00 0 0
%vegasairportlight
148 000 000 255 -0.0969240 0.00537100 0.00473800 0.60 02 0 1
%vegaslampost
225 185 149 255 0.00744600 1.54809594 3.58963990 0.50 00 0 1
%vegaslampost2
198 219 225 255 7.40283203 0.00415000 11.1071587 0.80 00 0 1
198 219 225 255 -7.3769531 0.00415000 11.1071587 0.80 00 0 1
%vegasnroad31
181 122 028 255 -19.334717 16.9299316 -2.1929481 0.60 00 0 0
181 122 028 255 -19.334717 28.7243652 -2.1929481 0.60 00 0 0
181 122 028 255 -19.334717 41.3488770 -2.1929481 0.60 00 0 0
181 122 028 255 -19.334717 53.7988281 -2.1929481 0.60 00 0 0
181 122 028 255 -19.334717 66.4523926 -2.1929481 0.60 00 0 0
181 122 028 255 -19.334717 79.0495605 -2.1929481 0.60 00 0 0
181 122 028 255 -19.334717 91.3942871 -2.1929481 0.60 00 0 0
181 122 028 255 -19.334717 103.634033 -2.1929481 0.60 00 0 0
181 122 028 255 19.0340576 103.634033 -2.1929481 0.60 00 0 0
181 122 028 255 19.0340576 91.3942871 -2.1929481 0.60 00 0 0
181 122 028 255 19.0340576 79.0495605 -2.1929481 0.60 00 0 0
181 122 028 255 19.0340576 66.4523926 -2.1929481 0.60 00 0 0
181 122 028 255 19.0340576 53.7988281 -2.1929481 0.60 00 0 0
181 122 028 255 19.0340576 41.3488770 -2.1929481 0.60 00 0 0
181 122 028 255 19.0340576 28.7243652 -2.1929481 0.60 00 0 0
181 122 028 255 19.0340576 16.9299316 -2.1929481 0.60 00 0 0
%vegasplant07
232 000 022 255 -4.2360840 1.32031298 31.1620331 0.70 02 0 0
%vegasplant08
232 000 022 255 -4.4873052 1.34472704 30.8224335 0.70 02 0 0
%vegasplant09
232 000 022 255 -4.5405269 1.15576196 47.2498016 0.70 02 0 0
%vegasplant10
232 000 022 255 -1.1477050 4.59399414 47.3143311 0.70 02 0 0
%vgepyrmd_nt
255 243 220 255 63.7978516 63.7517090 -39.377651 0.60 06 0 0
255 243 220 255 -63.590332 63.4825439 -39.377651 0.60 06 0 0
255 243 220 255 -63.758789 -63.524170 -39.377651 0.60 06 0 0
255 243 220 255 63.7932129 -63.747070 -39.377651 0.60 06 0 0
255 243 220 255 -54.250488 -54.101807 -27.248196 0.60 06 0 0
255 243 220 255 54.3439941 -54.309082 -27.248196 0.60 06 0 0
255 243 220 255 54.4221191 54.3210449 -27.248196 0.60 06 0 0
255 243 220 255 -54.161621 54.0881348 -27.248196 0.60 06 0 0
255 243 220 255 -45.876953 45.8312988 -15.095028 0.60 06 0 0
255 243 220 255 -44.922363 -44.902954 -15.095028 0.60 06 0 0
255 243 220 255 45.9501953 -46.111816 -15.095028 0.60 06 0 0
255 243 220 255 44.9414063 44.9592285 -15.095028 0.60 06 0 0
255 243 220 255 34.9306641 34.9998779 -1.7195170 0.60 06 0 0
255 243 220 255 -34.750000 34.7803955 -1.7195170 0.60 06 0 0
255 243 220 255 -34.967041 -34.892822 -1.7195170 0.60 06 0 0
255 243 220 255 35.0063477 -34.878174 -1.7195170 0.60 06 0 0
255 243 220 255 23.0825195 23.0772705 13.5283508 0.60 06 0 0
255 243 220 255 -24.048096 24.3082275 13.5283508 0.60 06 0 0
255 243 220 255 -23.239990 -23.233154 13.5283508 0.60 06 0 0
255 243 220 255 23.1074219 -23.101929 13.5283508 0.60 06 0 0
255 243 220 255 12.1538086 -12.209229 27.9333038 0.60 06 0 0
255 243 220 255 12.2832031 12.1663818 27.9333038 0.60 06 0 0
255 243 220 255 -12.079590 12.0778809 27.9333038 0.60 06 0 0
255 243 220 255 -12.343994 -12.304810 27.9333038 0.60 06 0 0
255 243 220 255 4.58422899 -4.5308838 37.9643555 0.60 06 0 0
255 243 220 255 4.69018602 4.81164598 37.9643555 0.60 06 0 0
255 243 220 255 -4.6389160 4.56799316 37.9643555 0.60 06 0 0
255 243 220 255 -4.3969731 -4.4654541 37.9643555 0.60 06 0 0
%vgnbballscorebrd
255 255 255 255 -7.4605708 -5.1269531 9.52758026 0.50 00 0 0
255 255 255 255 -2.4093020 -5.1269531 9.52758026 0.50 00 0 0
255 255 255 255 2.42944288 -5.1269531 9.52758026 0.50 00 0 0
255 255 255 255 7.25060987 -5.1269531 9.52758026 0.50 00 0 0
255 255 255 255 -7.4605708 5.12011719 9.52758026 0.50 00 0 0
255 255 255 255 -2.4093020 5.12011719 9.52758026 0.50 00 0 0
255 255 255 255 2.42944288 5.12011719 9.52758026 0.50 00 0 0
255 255 255 255 7.25060987 5.12011719 9.52758026 0.50 00 0 0
%vgnlowmall2
120 120 120 255 36.2243652 11.5107422 23.8061905 1.20 00 0 0
120 120 120 255 35.8432617 11.5107422 11.6418133 1.20 00 0 0
120 120 120 255 35.8432617 11.5107422 15.6731892 1.20 00 0 0
120 120 120 255 35.9665527 11.5107422 31.4255295 1.20 00 0 0
120 120 120 255 35.8432617 17.3022461 11.6418133 1.20 00 0 0
120 120 120 255 35.8432617 17.3022461 15.6731892 1.20 00 0 0
120 120 120 255 35.9665527 17.3022461 31.4255295 1.20 00 0 0
120 120 120 255 36.2243652 17.3022461 23.8061905 1.20 00 0 0
120 120 120 255 12.0217295 17.5117188 5.01523590 1.20 00 0 0
120 120 120 255 12.0217295 5.99560499 5.01523590 1.20 00 0 0
120 120 120 255 12.2014160 28.9404297 6.48102379 1.20 00 0 0
120 120 120 255 12.2014160 41.2766113 6.48102379 1.20 00 0 0
120 120 120 255 4.71508789 -2.9177251 5.01523590 1.20 00 0 0
120 120 120 255 -8.1916504 -2.9177251 5.01523590 1.20 00 0 0
166 176 000 255 -26.139160 -2.9177251 6.86359787 1.20 00 0 0
%vgnprtlstation03
255 255 255 255 -10.022705 0.17163099 0.11522800 1.20 00 0 0
255 255 255 255 -2.1801760 0.17163099 0.11522800 1.20 00 0 0
%vgsedragon
255 000 000 255 0.94992101 -0.3510560 0.20702800 1.00 00 0 0
255 000 000 255 0.88276601 1.02321506 0.22110000 1.00 00 0 0
%vgseedge21
%vgseedge23
%vgseland16_lvs
%vgsn_blucasign
055 109 170 255 -0.0136720 -31.186890 3.09186602 1.20 00 0 0
055 109 170 255 -0.0136720 -31.186890 -4.9603581 1.20 00 0 0
055 109 170 255 -0.0136720 -31.186890 -11.956440 1.20 00 0 0
055 109 170 255 -0.0136720 -27.188354 -11.956440 1.20 00 0 0
055 109 170 255 -0.0136720 -27.188354 -4.9603581 1.20 00 0 0
055 109 170 255 -0.0136720 -27.188354 3.09186602 1.20 00 0 0
055 109 170 255 -0.0136720 -31.186890 11.2878876 1.20 00 0 0
055 109 170 255 -0.0136720 -27.188354 11.2878876 1.20 00 0 0
%vgsn_pipeworks
232 000 022 255 -13.817139 5.89916992 22.7021503 1.00 00 0 0
232 000 022 255 -1.8530270 5.89916992 22.7021503 1.00 00 0 0
%vgsn_pipeworks01
232 000 022 255 -13.709357 -3.9209909 34.5682678 1.00 00 0 0
232 000 022 255 -2.0589671 -3.9219670 34.5677452 1.00 00 0 0
%vgsn_rooflitb
035 098 104 255 0.12451200 0.03283700 -0.0408920 0.40 00 0 0
%vgsn_rooflity
165 114 042 255 0.12451200 0.02124000 -0.0346890 0.40 00 0 0
%vgsstriptlights1
255 000 000 255 -1.5370220 -0.4360530 3.00709391 0.45 00 0 0
255 128 000 255 -1.5187420 -0.4362130 2.53260398 0.45 00 0 0
000 255 000 255 -1.4908730 -0.4364570 2.05479693 0.45 00 0 0
255 000 000 255 -9.4201412 -0.4349900 3.03208709 0.45 00 0 0
255 128 000 255 -9.3974686 -0.4351880 2.51352191 0.45 00 0 0
000 255 000 255 -9.4014282 -0.4351500 2.04909897 0.45 00 0 0
%weddingsifgn1
174 050 050 255 0.11767600 -3.3300779 0.56837797 1.00 00 0 0
%ws_jetty_sfx
255 255 255 255 -1.4034870 4.25134277 3.73806906 0.40 00 0 0
#%yet_another_sfe2
#255 000 000 255 27.5357666 20.9512939 52.5124359 1.00 00 0 0
#255 000 000 255 -27.661133 20.8321533 52.5124359 1.00 00 0 0
#255 000 000 255 -27.661133 -20.079468 52.5124359 1.00 00 0 0
%radarmast1_lawn
255 000 000 0.091000000000 0.05300000 24.6200000 0.10 00 1 0
%radarmast1_lawn01
255 000 000 255 0.13000000 -0.0080000 24.4900000 0.70 00 1 0
%ce_radarmast3
255 000 000 255 0.00100000 0.03300000 32.6570000 0.50 00 1 0
%ws_ref_bollard
255 255 255 255 0.00900000 -0.0410000 0.46900000 0.14 00 0 0
255 050 050 255 0.00900000 0.04100000 0.46900000 0.14 00 0 0
%baybridge1_sfse
000 111 255 255 -76.679000 -16.446000 -8.7210000 0.70 00 1 0
000 111 255 255 -53.127000 -16.434000 -5.5900000 0.70 00 1 0
000 111 255 255 -29.320000 -16.434000 -0.1430000 0.70 00 1 0
000 111 255 255 -6.1820000 -16.434000 7.34300000 0.70 00 1 0
000 111 255 255 16.3480000 -16.434000 16.7610000 0.70 00 1 0
000 111 255 255 37.8660000 -16.434000 28.0760000 0.70 00 1 0
000 111 255 255 58.7830000 -16.434000 41.4320000 0.70 00 1 0
000 111 255 255 -76.679000 16.4680000 -8.7210000 0.70 00 1 0
000 111 255 255 -53.127000 16.4680000 -5.5900000 0.70 00 1 0
000 111 255 255 -29.320000 16.4900000 -0.1430000 0.70 00 1 0
000 111 255 255 -6.1820000 16.4900000 7.34300000 0.70 00 1 0
000 111 255 255 16.3480000 16.4900000 16.7610000 0.70 00 1 0
000 111 255 255 37.8660000 16.4900000 28.0760000 0.70 00 1 0
000 111 255 255 58.7830000 16.4900000 41.4320000 0.70 00 1 0
%baybridge2_sfse
255 000 000 255 38.4845000 -18.216500 83.4015000 0.75 00 1 0
255 000 000 255 38.4790000 18.3384000 83.4015000 0.75 00 1 0
000 111 255 255 74.8720000 16.4080000 39.9210000 0.70 00 1 0
000 111 255 255 74.8720000 -16.476000 39.9210000 0.70 00 1 0
000 111 255 255 56.6360000 -16.476000 56.2430000 0.70 00 1 0
000 111 255 255 56.6360000 16.4080000 56.2430000 0.70 00 1 0
000 111 255 255 17.5910000 -16.476000 53.3240000 0.70 00 1 0
000 111 255 255 17.5910000 16.4080000 53.3240000 0.70 00 1 0
000 111 255 255 -0.5510000 -16.476000 37.6250000 0.70 00 1 0
000 111 255 255 -0.5510000 16.4080000 37.6250000 0.70 00 1 0
000 111 255 255 -19.959000 -16.476000 24.1330000 0.70 00 1 0
000 111 255 255 -19.959000 16.4080000 24.1330000 0.70 00 1 0
000 111 255 255 -40.829000 -16.476000 12.1530000 0.70 00 1 0
000 111 255 255 -62.489000 16.4080000 2.28400000 0.70 00 1 0
000 111 255 255 -62.489000 -16.476000 2.26900000 0.70 00 1 0
000 111 255 255 -84.947000 -16.476000 -5.7150000 0.70 00 1 0
000 111 255 255 -84.947000 16.4080000 -5.7010000 0.70 00 1 0
%baybridge3_sfse
255 000 000 255 -100.83000 18.3671000 89.5265000 0.75 00 1 0
255 000 000 255 -100.87000 -18.140600 89.5265000 0.75 00 1 0
000 111 255 255 136.609000 -16.542000 -5.2150000 0.70 00 1 0
000 111 255 255 136.609000 16.3830000 -5.2150000 0.70 00 1 0
000 111 255 255 112.756000 16.3830000 -8.1900000 0.70 00 1 0
000 111 255 255 112.756000 -16.542000 -8.1900000 0.70 00 1 0
000 111 255 255 69.1490000 16.3830000 -8.1900000 0.70 00 1 0
000 111 255 255 69.1490000 -16.542000 -8.1900000 0.70 00 1 0
000 111 255 255 45.4190000 -16.542000 -4.9990000 0.70 00 1 0
000 111 255 255 45.4190000 16.3830000 -4.9990000 0.70 00 1 0
000 111 255 255 22.1890000 -16.542000 0.42900000 0.70 00 1 0
000 111 255 255 22.1890000 16.3830000 0.42900000 0.70 00 1 0
000 111 255 255 -0.2570000 -16.542000 8.42400000 0.70 00 1 0
000 111 255 255 -0.2570000 16.3830000 8.42400000 0.70 00 1 0
000 111 255 255 -21.660000 16.3830000 18.3810000 0.70 00 1 0
000 111 255 255 -21.660000 -16.542000 18.3810000 0.70 00 1 0
000 111 255 255 -42.686000 -16.542000 30.2490000 0.70 00 1 0
000 111 255 255 -42.686000 16.3830000 30.2490000 0.70 00 1 0
000 111 255 255 -62.074000 -16.421000 43.8980000 0.70 00 1 0
000 111 255 255 -62.074000 16.5040000 43.8980000 0.70 00 1 0
000 111 255 255 -80.451000 -16.463000 59.1700000 0.70 00 1 0
000 111 255 255 -80.451000 16.4620000 59.1700000 0.70 00 1 0
#255 255 255 255 136.609000 -18.542000 -18.215000 1.00 00 1 0
%baybridge4_sfse
000 111 255 255 73.9600000 16.4190000 66.5760000 0.70 00 1 0
000 111 255 255 73.9600000 -16.496000 66.5760000 0.70 00 1 0
000 111 255 255 55.5380000 16.4190000 50.2920000 0.70 00 1 0
000 111 255 255 55.5380000 -16.496000 50.2920000 0.70 00 1 0
000 111 255 255 36.2830000 16.4190000 35.6030000 0.70 00 1 0
000 111 255 255 36.2830000 -16.496000 35.6030000 0.70 00 1 0
000 111 255 255 15.3910000 16.4190000 22.1260000 0.70 00 1 0
000 111 255 255 15.3910000 -16.496000 22.1260000 0.70 00 1 0
000 111 255 255 -6.2090000 16.4190000 10.8280000 0.70 00 1 0
000 111 255 255 -6.2090000 -16.496000 10.8280000 0.70 00 1 0
000 111 255 255 -28.574000 16.4190000 1.46500000 0.70 00 1 0
000 111 255 255 -28.574000 -16.496000 1.46500000 0.70 00 1 0
000 111 255 255 -51.905000 16.4190000 -5.8690000 0.70 00 1 0
000 111 255 255 -51.905000 -16.496000 -5.8690000 0.70 00 1 0
000 111 255 255 -75.652000 16.4190000 -11.285000 0.70 00 1 0
000 111 255 255 -75.652000 -16.496000 -11.285000 0.70 00 1 0
000 111 255 255 -99.500000 16.4190000 -14.214000 0.70 00 1 0
000 111 255 255 -99.500000 -16.496000 -14.214000 0.70 00 1 0
%ggbrig_06_sfw
255 000 000 255 19.0970000 0.12800000 115.890000 1.20 00 1 0
#255 000 000 255 -19.09700 0.12800000 115.890000 2.00 00 1 0
%ggbrig_01_sfw
255 000 000 255 19.0970000 0.12800000 115.890000 1.20 00 1 0
#255 000 000 255 -19.09700 0.12800000 115.890000 2.00 00 1 0
%ggbrig_03_sfw
255 000 000 255 19.3850000 55.7600000 19.4330000 0.65 00 1 0
255 000 000 255 -19.136000 55.7600000 19.4330000 0.65 00 1 0
255 000 000 255 -19.136000 -5.9890000 -30.831000 0.65 00 1 0
255 000 000 255 19.3850000 -5.9890000 -30.831000 0.65 00 1 0
255 000 000 255 19.3850000 24.7600000 -11.100000 0.65 00 1 0
255 000 000 255 -19.385000 24.7600000 -11.100000 0.65 00 1 0
255 255 255 150 20.7000000 -83.400000 -55.400000 0.60 00 1 0
255 255 255 150 20.7000000 -67.600000 -55.600000 0.60 00 1 0
255 255 255 150 20.7000000 -52.500000 -55.800000 0.60 00 1 0
255 255 255 150 20.7000000 -36.600000 -56.000000 0.60 00 1 0
255 255 255 150 20.7000000 -21.700000 -56.400000 0.60 00 1 0
255 255 255 150 20.7000000 -6.2000000 -56.800000 0.60 00 1 0
255 255 255 150 20.7000000 9.50000000 -57.100000 0.60 00 1 0
255 255 255 150 20.7000000 24.3000000 -57.300000 0.60 00 1 0
255 255 255 150 20.7000000 41.1000000 -58.100000 0.60 00 1 0
255 255 255 150 20.7000000 55.3000000 -58.800000 0.60 00 1 0
255 255 255 150 20.7000000 70.2000000 -59.400000 0.60 00 1 0
255 255 255 150 -20.700000 -83.400000 -55.400000 0.60 00 1 0
255 255 255 150 -20.700000 -67.600000 -55.600000 0.60 00 1 0
255 255 255 150 -20.700000 -52.500000 -55.800000 0.60 00 1 0
255 255 255 150 -20.700000 -36.600000 -56.000000 0.60 00 1 0
255 255 255 150 -20.700000 -21.700000 -56.400000 0.60 00 1 0
255 255 255 150 -20.700000 -6.2000000 -56.800000 0.60 00 1 0
255 255 255 150 -20.700000 9.50000000 -57.100000 0.60 00 1 0
255 255 255 150 -20.700000 24.3000000 -57.300000 0.60 00 1 0
255 255 255 150 -20.700000 41.1000000 -58.100000 0.60 00 1 0
255 255 255 150 -20.700000 55.3000000 -58.800000 0.60 00 1 0
255 255 255 150 -20.700000 70.2000000 -59.400000 0.60 00 1 0
%ggbrig_02_sfw
255 000 000 255 19.1850000 60.5000000 59.0000000 0.65 00 1 0
255 000 000 255 19.1850000 48.8000000 36.3000000 0.65 00 1 0
255 000 000 255 19.1850000 3.30000000 -19.800000 0.65 00 1 0
255 000 000 255 19.1850000 -12.000000 -31.200000 0.65 00 1 0
255 000 000 255 19.1850000 -27.000000 -39.800000 0.65 00 1 0
255 000 000 255 19.1850000 -43.000000 -47.400000 0.65 00 1 0
255 000 000 255 19.1850000 -58.000000 -52.800000 0.65 00 1 0
255 000 000 255 19.1850000 19.3000000 -4.8000000 0.65 00 1 0
255 000 000 255 19.1850000 34.3000000 13.0000000 0.65 00 1 0
255 000 000 255 -19.185000 60.5000000 59.0000000 0.65 00 1 0
255 000 000 255 -19.185000 48.8000000 36.3000000 0.65 00 1 0
255 000 000 255 -19.185000 3.30000000 -19.800000 0.65 00 1 0
255 000 000 255 -19.185000 -12.000000 -31.200000 0.65 00 1 0
255 000 000 255 -19.185000 -27.000000 -39.800000 0.65 00 1 0
255 000 000 255 -19.185000 -43.000000 -47.400000 0.65 00 1 0
255 000 000 255 -19.185000 -58.000000 -52.800000 0.65 00 1 0
255 000 000 255 -19.185000 19.3000000 -4.8000000 0.65 00 1 0
255 000 000 255 -19.185000 34.3000000 13.0000000 0.65 00 1 0
255 255 255 150 21.0000000 -57.700000 -60.600000 0.60 00 1 0
255 255 255 150 21.0000000 -42.400000 -59.300000 0.60 00 1 0
255 255 255 150 21.0000000 -26.700000 -58.000000 0.60 00 1 0
255 255 255 150 21.0000000 -11.500000 -57.000000 0.60 00 1 0
255 255 255 150 21.0000000 3.80000000 -55.800000 0.60 00 1 0
255 255 255 150 21.0000000 19.5000000 -54.600000 0.60 00 1 0
255 255 255 150 21.0000000 35.0000000 -54.000000 0.60 00 1 0
255 255 255 150 21.0000000 49.4000000 -53.400000 0.60 00 1 0
255 255 255 150 -21.000000 -57.700000 -60.600000 0.60 00 1 0
255 255 255 150 -21.000000 -42.400000 -59.300000 0.60 00 1 0
255 255 255 150 -21.000000 -26.700000 -58.000000 0.60 00 1 0
255 255 255 150 -21.000000 -11.500000 -57.000000 0.60 00 1 0
255 255 255 150 -21.000000 3.80000000 -55.800000 0.60 00 1 0
255 255 255 150 -21.000000 19.5000000 -54.600000 0.60 00 1 0
255 255 255 150 -21.000000 35.0000000 -54.000000 0.60 00 1 0
255 255 255 150 -21.000000 49.4000000 -53.400000 0.60 00 1 0
%ggbrig_04_sfw
255 000 000 255 19.1850000 15.4000000 -26.500000 0.65 00 1 0
255 000 000 255 19.1850000 0.00000000 -21.100000 0.65 00 1 0
255 000 000 255 19.1850000 -15.500000 -13.900000 0.65 00 1 0
255 000 000 255 19.1850000 -30.500000 -5.2000000 0.65 00 1 0
255 000 000 255 19.1850000 -46.500000 6.30000000 0.65 00 1 0
255 000 000 255 19.1850000 -62.000000 21.2000000 0.65 00 1 0
255 000 000 255 19.1850000 -77.500000 39.9000000 0.65 00 1 0
255 000 000 255 19.1850000 -92.200000 63.4000000 0.65 00 1 0
255 000 000 255 19.1850000 -103.20000 87.4000000 0.65 00 1 0
255 000 000 255 -19.185000 15.4000000 -26.500000 0.65 00 1 0
255 000 000 255 -19.185000 0.00000000 -21.100000 0.65 00 1 0
255 000 000 255 -19.185000 -15.500000 -13.900000 0.65 00 1 0
255 000 000 255 -19.185000 -30.500000 -5.2000000 0.65 00 1 0
255 000 000 255 -19.185000 -46.500000 6.30000000 0.65 00 1 0
255 000 000 255 -19.185000 -62.000000 21.2000000 0.65 00 1 0
255 000 000 255 -19.185000 -77.500000 39.9000000 0.65 00 1 0
255 000 000 255 -19.185000 -92.200000 63.4000000 0.65 00 1 0
255 000 000 255 -19.185000 -103.20000 87.4000000 0.65 00 1 0
255 255 255 150 21.0000000 14.8000000 -34.600000 0.60 00 1 0
255 255 255 150 21.0000000 -0.7000000 -33.300000 0.60 00 1 0
255 255 255 150 21.0000000 -16.300000 -32.000000 0.60 00 1 0
255 255 255 150 21.0000000 -31.800000 -31.000000 0.60 00 1 0
255 255 255 150 21.0000000 -46.900000 -29.800000 0.60 00 1 0
255 255 255 150 21.0000000 -63.000000 -29.100000 0.60 00 1 0
255 255 255 150 21.0000000 -78.400000 -27.800000 0.60 00 1 0
255 255 255 150 21.0000000 -93.000000 -27.100000 0.60 00 1 0
255 255 255 150 -21.000000 14.8000000 -34.600000 0.60 00 1 0
255 255 255 150 -21.000000 -0.7000000 -33.300000 0.60 00 1 0
255 255 255 150 -21.000000 -16.300000 -32.000000 0.60 00 1 0
255 255 255 150 -21.000000 -31.800000 -31.000000 0.60 00 1 0
255 255 255 150 -21.000000 -46.900000 -29.800000 0.60 00 1 0
255 255 255 150 -21.000000 -63.000000 -29.100000 0.60 00 1 0
255 255 255 150 -21.000000 -78.400000 -27.800000 0.60 00 1 0
255 255 255 150 -21.000000 -93.000000 -27.100000 0.60 00 1 0
%ggbrig_05_sfw
255 000 000 255 -19.308000 -59.193000 17.9280000 0.65 00 1 0
255 000 000 255 19.1360000 -59.193000 17.9280000 0.65 00 1 0
255 000 000 255 19.1360000 2.37500000 -31.152000 0.65 00 1 0
255 000 000 255 -19.308000 2.37500000 -31.152000 0.65 00 1 0
255 000 000 255 19.3850000 -27.800000 -12.300000 0.65 00 1 0
255 000 000 255 -19.385000 -27.800000 -12.300000 0.65 00 1 0
255 000 000 255 19.1360000 80.0000000 -48.700000 0.65 00 1 0
255 000 000 255 -19.1360000 80.000000 -48.700000 0.65 00 1 0
255 255 255 150 20.7000000 -74.000000 -59.400000 0.60 00 1 0
255 255 255 150 20.7000000 -59.000000 -58.800000 0.60 00 1 0
255 255 255 150 20.7000000 -43.000000 -58.100000 0.60 00 1 0
255 255 255 150 20.7000000 -28.200000 -57.800000 0.60 00 1 0
255 255 255 150 20.7000000 -12.500000 -57.300000 0.60 00 1 0
255 255 255 150 20.7000000 2.70000000 -57.100000 0.60 00 1 0
255 255 255 150 20.7000000 18.1000000 -56.800000 0.60 00 1 0
255 255 255 150 20.7000000 33.7000000 -56.500000 0.60 00 1 0
255 255 255 150 20.7000000 48.8000000 -56.300000 0.60 00 1 0
255 255 255 150 20.7000000 64.5000000 -56.200000 0.60 00 1 0
255 255 255 150 -20.000000 -74.000000 -59.400000 0.60 00 1 0
255 255 255 150 -20.000000 -59.000000 -58.800000 0.60 00 1 0
255 255 255 150 -20.000000 -43.000000 -58.100000 0.60 00 1 0
255 255 255 150 -20.000000 -28.200000 -57.800000 0.60 00 1 0
255 255 255 150 -20.000000 -12.500000 -57.300000 0.60 00 1 0
255 255 255 150 -20.000000 2.70000000 -57.100000 0.60 00 1 0
255 255 255 150 -20.000000 18.1000000 -56.800000 0.60 00 1 0
255 255 255 150 -20.000000 33.7000000 -56.500000 0.60 00 1 0
255 255 255 150 -20.700000 48.8000000 -56.300000 0.60 00 1 0
255 255 255 150 -20.700000 64.5000000 -56.200000 0.60 00 1 0
%cxrf_whitebrig
%des_bigtelescope
%pylon_big1_
255 000 000 180 4.67100000 0.13400000 35.7030000 0.50 00 1 0
255 000 000 180 -4.3560000 0.13400000 35.7030000 0.50 00 1 0
255 000 000 180 4.67100000 0.13400000 30.8030000 0.50 00 1 0
255 000 000 180 -4.3560000 0.13400000 30.8030000 0.50 00 1 0
%pylon-wires11
255 000 000 180 132.600000 11.6000000 48.1000000 0.50 00 1 0
255 000 000 180 131.100000 20.2000000 48.1000000 0.50 00 1 0
255 000 000 180 127.700000 19.8000000 44.6000000 0.50 00 1 0
255 000 000 180 129.100000 10.7000000 44.6000000 0.50 00 1 0
255 000 000 180 120.600000 59.6000000 48.1000000 0.50 00 1 0
255 000 000 180 119.900000 68.8000000 47.9000000 0.50 00 1 0
255 000 000 180 116.100000 67.9000000 44.6000000 0.50 00 1 0
255 000 000 180 117.500000 59.2100000 44.5000000 0.50 00 1 0
%des_powercable_01
255 000 000 180 -81.000000 2.20000000 -3.3000000 0.50 00 1 0
255 000 000 180 -83.400000 -6.5000000 -3.6600000 0.50 00 1 0
255 000 000 180 -77.500000 1.70000000 -7.0000000 0.50 00 1 0
255 000 000 180 -79.800000 -7.3000000 -7.3000000 0.50 00 1 0
%additional_coronas
255 255 255 255 -651.28700 2145.91000 74.7152000 0.70 00 1 0
255 255 255 255 -781.25600 2140.42000 74.7152000 0.70 00 1 0
255 255 255 255 -811.16800 2015.78000 57.1071000 0.70 00 1 0
255 255 255 255 -794.20900 2024.26000 57.1071000 0.70 00 1 0
255 255 255 255 -776.24400 2031.43000 57.1071000 0.70 00 1 0
255 255 255 255 -733.82300 2041.57000 57.1071000 0.70 00 1 0
255 255 255 255 -714.85400 2043.30000 57.1071000 0.70 00 1 0
255 255 255 255 -695.27600 2043.66000 57.1071000 0.70 00 1 0
255 255 255 255 -653.37600 2038.31000 57.1071000 0.70 00 1 0
255 255 255 255 -635.24900 2032.18000 57.1071000 0.70 00 1 0
255 255 255 255 -617.31900 2024.71000 57.1071000 0.70 00 1 0
255 000 000 255 -750.89400 2036.27000 76.7071000 0.70 00 1 0
255 000 000 255 -678.84900 2040.47000 76.7071000 0.70 00 1 0
